99 25
124320
0 1 302
1 0 302
0 3 340
3 0 340
0 7 174
7 0 174
0 9 161
9 0 161
0 10 162
10 0 162
0 11 360
11 0 360
0 13 197
13 0 197
0 14 154
14 0 154
0 19 511
19 0 511
0 21 230
21 0 230
0 22 286
22 0 286
0 23 246
23 0 246
0 24 68
24 0 68
0 26 186
26 0 186
0 28 256
28 0 256
0 29 236
29 0 236
0 31 188
31 0 188
0 34 50
34 0 50
0 37 75
37 0 75
0 38 153
38 0 153
0 39 250
39 0 250
0 40 402
40 0 402
0 41 275
41 0 275
0 43 332
43 0 332
0 46 31
46 0 31
0 47 97
47 0 97
0 50 308
50 0 308
0 51 378
51 0 378
0 52 462
52 0 462
0 53 126
53 0 126
0 54 191
54 0 191
0 55 326
55 0 326
0 59 216
59 0 216
0 60 299
60 0 299
0 61 268
61 0 268
0 64 266
64 0 266
0 65 143
65 0 143
0 66 190
66 0 190
0 67 284
67 0 284
0 69 343
69 0 343
0 72 173
72 0 173
0 75 223
75 0 223
0 78 379
78 0 379
0 79 181
79 0 181
0 80 361
80 0 361
0 82 70
82 0 70
0 87 372
87 0 372
0 92 256
92 0 256
0 95 228
95 0 228
0 100 184
100 0 184
0 102 169
102 0 169
0 107 407
107 0 407
0 111 201
111 0 201
0 112 397
112 0 397
0 113 312
113 0 312
0 116 309
116 0 309
0 119 276
119 0 276
0 120 83
120 0 83
0 123 252
123 0 252
0 130 286
130 0 286
0 131 100
131 0 100
0 132 258
132 0 258
0 133 279
133 0 279
0 134 299
134 0 299
0 136 332
136 0 332
0 139 412
139 0 412
0 142 99
142 0 99
0 144 385
144 0 385
0 147 80
147 0 80
0 148 38
148 0 38
0 149 11
149 0 11
0 151 183
151 0 183
0 152 290
152 0 290
0 154 356
154 0 356
0 155 63
155 0 63
0 157 98
157 0 98
0 161 206
161 0 206
0 163 183
163 0 183
0 164 115
164 0 115
0 166 89
166 0 89
0 168 135
168 0 135
0 169 206
169 0 206
0 170 249
170 0 249
0 172 193
172 0 193
0 173 100
173 0 100
0 176 131
176 0 131
0 177 393
177 0 393
0 178 370
178 0 370
0 181 318
181 0 318
0 182 157
182 0 157
0 185 484
185 0 484
0 186 384
186 0 384
0 187 428
187 0 428
0 189 121
189 0 121
0 193 343
193 0 343
0 195 201
195 0 201
0 196 396
196 0 396
0 199 340
199 0 340
0 203 142
203 0 142
0 204 132
204 0 132
0 208 178
208 0 178
0 212 121
212 0 121
0 214 286
214 0 286
0 216 392
216 0 392
0 218 277
218 0 277
0 219 247
219 0 247
0 220 144
220 0 144
0 222 310
222 0 310
0 223 41
223 0 41
0 225 125
225 0 125
0 226 365
226 0 365
0 227 111
227 0 111
0 229 127
229 0 127
0 230 189
230 0 189
0 231 254
231 0 254
0 232 104
232 0 104
0 233 44
233 0 44
0 234 398
234 0 398
0 235 231
235 0 231
0 236 373
236 0 373
0 237 63
237 0 63
0 238 123
238 0 123
0 239 319
239 0 319
0 241 194
241 0 194
0 243 54
243 0 54
0 246 109
246 0 109
0 250 406
250 0 406
0 251 141
251 0 141
0 252 75
252 0 75
0 255 82
255 0 82
0 257 146
257 0 146
0 260 343
260 0 343
0 261 427
261 0 427
0 263 170
263 0 170
0 269 322
269 0 322
0 270 460
270 0 460
0 274 108
274 0 108
0 276 58
276 0 58
0 278 230
278 0 230
0 279 422
279 0 422
0 283 67
283 0 67
0 284 41
284 0 41
0 285 211
285 0 211
0 286 424
286 0 424
0 288 53
288 0 53
0 291 399
291 0 399
0 292 63
292 0 63
0 293 350
293 0 350
0 296 208
296 0 208
0 297 176
297 0 176
0 298 378
298 0 378
0 299 121
299 0 121
0 300 93
300 0 93
0 304 365
304 0 365
0 307 174
307 0 174
0 310 334
310 0 334
0 311 362
311 0 362
0 312 48
312 0 48
0 313 300
313 0 300
0 316 149
316 0 149
0 318 441
318 0 441
0 322 431
322 0 431
0 323 173
323 0 173
0 325 179
325 0 179
0 326 107
326 0 107
0 327 275
327 0 275
0 328 321
328 0 321
0 329 395
329 0 395
0 330 326
330 0 326
0 332 140
332 0 140
0 337 25
337 0 25
0 339 437
339 0 437
0 340 235
340 0 235
0 341 200
341 0 200
0 343 422
343 0 422
0 344 147
344 0 147
0 345 276
345 0 276
0 348 198
348 0 198
0 350 395
350 0 395
0 352 178
352 0 178
0 353 297
353 0 297
0 356 172
356 0 172
0 357 201
357 0 201
0 359 357
359 0 357
0 361 332
361 0 332
0 362 66
362 0 66
0 363 348
363 0 348
0 366 249
366 0 249
0 367 155
367 0 155
0 368 205
368 0 205
0 369 137
369 0 137
0 370 257
370 0 257
0 372 58
372 0 58
0 379 346
379 0 346
0 380 170
380 0 170
0 383 99
383 0 99
0 384 155
384 0 155
0 385 137
385 0 137
0 387 394
387 0 394
0 388 254
388 0 254
0 389 119
389 0 119
0 397 105
397 0 105
0 399 130
399 0 130
0 400 247
400 0 247
0 401 385
401 0 385
0 405 58
405 0 58
0 407 391
407 0 391
0 408 131
408 0 131
0 409 441
409 0 441
0 410 300
410 0 300
0 411 291
411 0 291
0 412 259
412 0 259
0 413 362
413 0 362
0 417 68
417 0 68
0 418 442
418 0 442
0 419 128
419 0 128
0 421 92
421 0 92
0 422 314
422 0 314
0 424 242
424 0 242
0 425 372
425 0 372
0 427 334
427 0 334
0 428 280
428 0 280
0 434 410
434 0 410
0 437 34
437 0 34
0 440 193
440 0 193
0 441 403
441 0 403
0 446 443
446 0 443
0 447 418
447 0 418
0 449 304
449 0 304
0 450 201
450 0 201
0 454 228
454 0 228
0 457 233
457 0 233
0 458 226
458 0 226
0 461 338
461 0 338
0 464 264
464 0 264
0 467 230
467 0 230
0 469 242
469 0 242
0 470 121
470 0 121
0 472 404
472 0 404
0 474 103
474 0 103
0 477 277
477 0 277
0 478 203
478 0 203
0 479 302
479 0 302
0 480 66
480 0 66
0 482 271
482 0 271
0 484 17
484 0 17
0 488 457
488 0 457
0 492 297
492 0 297
0 493 143
493 0 143
0 494 386
494 0 386
0 495 185
495 0 185
0 496 389
496 0 389
0 497 56
497 0 56
0 498 319
498 0 319
1 3 256
3 1 256
1 5 182
5 1 182
1 8 184
8 1 184
1 9 377
9 1 377
1 12 261
12 1 261
1 13 106
13 1 106
1 17 150
17 1 150
1 19 221
19 1 221
1 21 186
21 1 186
1 25 361
25 1 361
1 26 350
26 1 350
1 27 164
27 1 164
1 28 79
28 1 79
1 29 199
29 1 199
1 30 82
30 1 82
1 31 270
31 1 270
1 32 225
32 1 225
1 33 122
33 1 122
1 34 267
34 1 267
1 39 284
39 1 284
1 42 380
42 1 380
1 44 313
44 1 313
1 45 297
45 1 297
1 48 226
48 1 226
1 50 101
50 1 101
1 55 99
55 1 99
1 56 283
56 1 283
1 57 139
57 1 139
1 60 247
60 1 247
1 62 76
62 1 76
1 64 347
64 1 347
1 66 269
66 1 269
1 67 38
67 1 38
1 70 195
70 1 195
1 71 196
71 1 196
1 72 131
72 1 131
1 73 338
73 1 338
1 74 169
74 1 169
1 75 287
75 1 287
1 76 204
76 1 204
1 79 338
79 1 338
1 81 139
81 1 139
1 84 297
84 1 297
1 85 366
85 1 366
1 86 8
86 1 8
1 87 72
87 1 72
1 88 219
88 1 219
1 92 192
92 1 192
1 93 94
93 1 94
1 94 357
94 1 357
1 96 202
96 1 202
1 98 253
98 1 253
1 101 346
101 1 346
1 102 266
102 1 266
1 103 66
103 1 66
1 105 46
105 1 46
1 106 219
106 1 219
1 107 275
107 1 275
1 109 308
109 1 308
1 113 158
113 1 158
1 114 330
114 1 330
1 115 222
115 1 222
1 116 364
116 1 364
1 118 162
118 1 162
1 122 146
122 1 146
1 124 101
124 1 101
1 128 94
128 1 94
1 130 49
130 1 49
1 132 238
132 1 238
1 133 63
133 1 63
1 134 379
134 1 379
1 135 388
135 1 388
1 137 337
137 1 337
1 138 155
138 1 155
1 141 284
141 1 284
1 142 330
142 1 330
1 144 301
144 1 301
1 146 217
146 1 217
1 147 372
147 1 372
1 148 337
148 1 337
1 149 312
149 1 312
1 151 148
151 1 148
1 152 63
152 1 63
1 153 84
153 1 84
1 157 230
157 1 230
1 161 260
161 1 260
1 162 148
162 1 148
1 163 374
163 1 374
1 167 249
167 1 249
1 168 204
168 1 204
1 169 231
169 1 231
1 174 288
174 1 288
1 177 239
177 1 239
1 178 67
178 1 67
1 179 61
179 1 61
1 180 247
180 1 247
1 187 178
187 1 178
1 188 154
188 1 154
1 189 248
189 1 248
1 190 145
190 1 145
1 192 132
192 1 132
1 193 193
193 1 193
1 195 121
195 1 121
1 196 318
196 1 318
1 199 216
199 1 216
1 201 23
201 1 23
1 205 251
205 1 251
1 208 145
208 1 145
1 209 215
209 1 215
1 211 130
211 1 130
1 212 409
212 1 409
1 214 55
214 1 55
1 215 343
215 1 343
1 216 299
216 1 299
1 217 98
217 1 98
1 218 107
218 1 107
1 222 9
222 1 9
1 223 336
223 1 336
1 226 130
226 1 130
1 229 180
229 1 180
1 230 148
230 1 148
1 234 104
234 1 104
1 235 322
235 1 322
1 236 104
236 1 104
1 238 359
238 1 359
1 239 229
239 1 229
1 243 264
243 1 264
1 244 244
244 1 244
1 245 271
245 1 271
1 246 299
246 1 299
1 250 117
250 1 117
1 253 121
253 1 121
1 255 379
255 1 379
1 256 225
256 1 225
1 257 345
257 1 345
1 260 60
260 1 60
1 261 126
261 1 126
1 263 420
263 1 420
1 264 93
264 1 93
1 265 394
265 1 394
1 266 232
266 1 232
1 268 121
268 1 121
1 269 240
269 1 240
1 270 164
270 1 164
1 271 110
271 1 110
1 273 79
273 1 79
1 274 393
274 1 393
1 275 274
275 1 274
1 277 324
277 1 324
1 280 341
280 1 341
1 281 172
281 1 172
1 293 109
293 1 109
1 295 249
295 1 249
1 299 278
299 1 278
1 301 45
301 1 45
1 304 180
304 1 180
1 305 102
305 1 102
1 309 370
309 1 370
1 310 193
310 1 193
1 311 62
311 1 62
1 313 53
313 1 53
1 314 164
314 1 164
1 316 250
316 1 250
1 318 148
318 1 148
1 322 284
322 1 284
1 323 415
323 1 415
1 324 61
324 1 61
1 325 429
325 1 429
1 328 248
328 1 248
1 329 302
329 1 302
1 331 271
331 1 271
1 332 172
332 1 172
1 335 277
335 1 277
1 336 313
336 1 313
1 338 238
338 1 238
1 340 218
340 1 218
1 341 286
341 1 286
1 342 226
342 1 226
1 343 166
343 1 166
1 344 157
344 1 157
1 348 332
348 1 332
1 353 114
353 1 114
1 357 324
357 1 324
1 358 84
358 1 84
1 359 81
359 1 81
1 361 226
361 1 226
1 365 209
365 1 209
1 369 247
369 1 247
1 370 221
370 1 221
1 371 158
371 1 158
1 372 260
372 1 260
1 373 435
373 1 435
1 374 298
374 1 298
1 376 214
376 1 214
1 377 222
377 1 222
1 381 419
381 1 419
1 383 319
383 1 319
1 384 432
384 1 432
1 385 183
385 1 183
1 386 388
386 1 388
1 389 185
389 1 185
1 392 359
392 1 359
1 397 367
397 1 367
1 398 220
398 1 220
1 399 269
399 1 269
1 403 288
403 1 288
1 404 130
404 1 130
1 407 127
407 1 127
1 408 287
408 1 287
1 409 318
409 1 318
1 413 212
413 1 212
1 414 146
414 1 146
1 416 291
416 1 291
1 417 340
417 1 340
1 419 249
419 1 249
1 421 309
421 1 309
1 422 182
422 1 182
1 423 165
423 1 165
1 424 130
424 1 130
1 426 315
426 1 315
1 427 103
427 1 103
1 428 158
428 1 158
1 431 186
431 1 186
1 432 116
432 1 116
1 434 112
434 1 112
1 436 145
436 1 145
1 441 113
441 1 113
1 442 92
442 1 92
1 443 232
443 1 232
1 444 195
444 1 195
1 446 318
446 1 318
1 447 200
447 1 200
1 449 116
449 1 116
1 451 46
451 1 46
1 452 210
452 1 210
1 454 136
454 1 136
1 455 309
455 1 309
1 458 106
458 1 106
1 461 196
461 1 196
1 464 230
464 1 230
1 465 145
465 1 145
1 470 371
470 1 371
1 472 134
472 1 134
1 474 287
474 1 287
1 476 74
476 1 74
1 477 293
477 1 293
1 479 82
479 1 82
1 481 203
481 1 203
1 482 126
482 1 126
1 483 338
483 1 338
1 484 302
484 1 302
1 489 245
489 1 245
1 492 21
492 1 21
1 493 246
493 1 246
1 494 284
494 1 284
1 496 90
496 1 90
2 4 20
4 2 20
2 5 194
5 2 194
2 6 163
6 2 163
2 8 150
8 2 150
2 15 372
15 2 372
2 18 267
18 2 267
2 19 161
19 2 161
2 21 262
21 2 262
2 22 193
22 2 193
2 27 85
27 2 85
2 31 352
31 2 352
2 36 92
36 2 92
2 37 321
37 2 321
2 38 276
38 2 276
2 39 358
39 2 358
2 40 123
40 2 123
2 41 311
41 2 311
2 44 399
44 2 399
2 45 384
45 2 384
2 46 417
46 2 417
2 48 212
48 2 212
2 49 401
49 2 401
2 52 89
52 2 89
2 54 274
54 2 274
2 55 141
55 2 141
2 60 309
60 2 309
2 61 441
61 2 441
2 67 118
67 2 118
2 70 148
70 2 148
2 71 279
71 2 279
2 72 215
72 2 215
2 73 418
73 2 418
2 78 131
78 2 131
2 79 405
79 2 405
2 81 51
81 2 51
2 84 384
84 2 384
2 87 16
87 2 16
2 88 305
88 2 305
2 90 457
90 2 457
2 92 262
92 2 262
2 95 401
95 2 401
2 97 249
97 2 249
2 98 339
98 2 339
2 99 93
99 2 93
2 100 226
100 2 226
2 101 429
101 2 429
2 102 332
102 2 332
2 103 153
103 2 153
2 104 326
104 2 326
2 105 48
105 2 48
2 108 319
108 2 319
2 111 280
111 2 280
2 112 163
112 2 163
2 114 418
114 2 418
2 115 310
115 2 310
2 117 130
117 2 130
2 118 111
118 2 111
2 119 141
119 2 141
2 121 407
121 2 407
2 123 312
123 2 312
2 125 306
125 2 306
2 127 138
127 2 138
2 128 36
128 2 36
2 129 308
129 2 308
2 131 376
131 2 376
2 132 308
132 2 308
2 133 137
133 2 137
2 136 285
136 2 285
2 137 423
137 2 423
2 138 213
138 2 213
2 139 66
139 2 66
2 141 361
141 2 361
2 145 359
145 2 359
2 146 246
146 2 246
2 147 456
147 2 456
2 148 424
148 2 424
2 150 169
150 2 169
2 151 223
151 2 223
2 153 156
153 2 156
2 154 47
154 2 47
2 155 351
155 2 351
2 156 151
156 2 151
2 160 443
160 2 443
2 161 319
161 2 319
2 166 371
166 2 371
2 169 289
169 2 289
2 170 144
170 2 144
2 172 415
172 2 415
2 173 360
173 2 360
2 174 368
174 2 368
2 175 366
175 2 366
2 178 23
178 2 23
2 179 72
179 2 72
2 181 337
181 2 337
2 183 89
183 2 89
2 186 87
186 2 87
2 187 167
187 2 167
2 188 236
188 2 236
2 190 175
190 2 175
2 191 462
191 2 462
2 195 207
195 2 207
2 197 24
197 2 24
2 198 74
198 2 74
2 199 263
199 2 263
2 200 436
200 2 436
2 202 396
202 2 396
2 204 395
204 2 395
2 205 337
205 2 337
2 208 222
208 2 222
2 213 308
213 2 308
2 217 153
217 2 153
2 218 150
218 2 150
2 219 199
219 2 199
2 222 79
222 2 79
2 223 421
223 2 421
2 230 221
230 2 221
2 231 215
231 2 215
2 233 354
233 2 354
2 234 66
234 2 66
2 239 252
239 2 252
2 242 254
242 2 254
2 243 348
243 2 348
2 245 359
245 2 359
2 247 412
247 2 412
2 248 409
248 2 409
2 249 245
249 2 245
2 252 449
252 2 449
2 253 62
253 2 62
2 254 73
254 2 73
2 255 464
255 2 464
2 257 418
257 2 418
2 259 260
259 2 260
2 260 82
260 2 82
2 265 477
265 2 477
2 266 298
266 2 298
2 268 34
268 2 34
2 273 97
273 2 97
2 274 475
274 2 475
2 277 409
277 2 409
2 278 200
278 2 200
2 279 70
279 2 70
2 280 427
280 2 427
2 281 260
281 2 260
2 283 443
283 2 443
2 287 84
287 2 84
2 289 237
289 2 237
2 290 194
290 2 194
2 292 451
292 2 451
2 295 259
295 2 259
2 296 245
296 2 245
2 297 458
297 2 458
2 303 353
303 2 353
2 305 28
305 2 28
2 308 289
308 2 289
2 309 453
309 2 453
2 311 48
311 2 48
2 313 117
313 2 117
2 315 181
315 2 181
2 317 211
317 2 211
2 318 94
318 2 94
2 321 203
321 2 203
2 323 491
323 2 491
2 324 148
324 2 148
2 328 305
328 2 305
2 329 308
329 2 308
2 332 254
332 2 254
2 333 196
333 2 196
2 339 49
339 2 49
2 340 293
340 2 293
2 341 346
341 2 346
2 343 155
343 2 155
2 344 241
344 2 241
2 348 415
348 2 415
2 349 176
349 2 176
2 350 110
350 2 110
2 351 68
351 2 68
2 352 235
352 2 235
2 353 144
353 2 144
2 355 217
355 2 217
2 358 172
358 2 172
2 359 92
359 2 92
2 360 84
360 2 84
2 361 277
361 2 277
2 362 453
362 2 453
2 365 245
365 2 245
2 367 513
367 2 513
2 368 194
368 2 194
2 369 333
369 2 333
2 371 242
371 2 242
2 372 343
372 2 343
2 374 352
374 2 352
2 375 140
375 2 140
2 377 309
377 2 309
2 378 282
378 2 282
2 381 498
381 2 498
2 383 407
383 2 407
2 385 271
385 2 271
2 390 117
390 2 117
2 391 341
391 2 341
2 392 437
392 2 437
2 397 447
397 2 447
2 399 355
399 2 355
2 400 368
400 2 368
2 401 42
401 2 42
2 402 378
402 2 378
2 404 200
404 2 200
2 405 336
405 2 336
2 408 373
408 2 373
2 409 309
409 2 309
2 415 432
415 2 432
2 420 509
420 2 509
2 422 202
422 2 202
2 423 246
423 2 246
2 424 207
424 2 207
2 425 161
425 2 161
2 426 399
426 2 399
2 427 140
427 2 140
2 433 141
433 2 141
2 435 292
435 2 292
2 436 232
436 2 232
2 438 21
438 2 21
2 441 41
441 2 41
2 442 179
442 2 179
2 443 303
443 2 303
2 446 309
446 2 309
2 451 132
451 2 132
2 452 265
452 2 265
2 455 397
455 2 397
2 457 203
457 2 203
2 458 176
458 2 176
2 462 385
462 2 385
2 465 205
465 2 205
2 467 285
467 2 285
2 468 337
468 2 337
2 470 450
470 2 450
2 475 286
475 2 286
2 478 306
478 2 306
2 479 115
479 2 115
2 481 286
481 2 286
2 483 424
483 2 424
2 484 387
484 2 387
2 486 282
486 2 282
2 487 319
487 2 319
2 489 307
489 2 307
2 490 512
490 2 512
2 492 100
492 2 100
2 494 290
494 2 290
2 497 376
497 2 376
2 499 206
499 2 206
3 4 277
4 3 277
3 8 161
8 3 161
3 11 34
11 3 34
3 12 107
12 3 107
3 13 265
13 3 265
3 14 204
14 3 204
3 15 483
15 3 483
3 17 346
17 3 346
3 18 183
18 3 183
3 19 434
19 3 434
3 20 459
20 3 459
3 21 392
21 3 392
3 23 94
23 3 94
3 24 408
24 3 408
3 25 241
25 3 241
3 26 490
26 3 490
3 27 350
27 3 350
3 29 407
29 3 407
3 30 175
30 3 175
3 35 505
35 3 505
3 38 343
38 3 343
3 43 207
43 3 207
3 45 349
45 3 349
3 52 359
52 3 359
3 53 217
53 3 217
3 58 182
58 3 182
3 59 129
59 3 129
3 60 472
60 3 472
3 61 543
61 3 543
3 64 530
64 3 530
3 69 378
69 3 378
3 70 423
70 3 423
3 72 234
72 3 234
3 76 374
76 3 374
3 77 77
77 3 77
3 79 227
79 3 227
3 81 295
81 3 295
3 83 352
83 3 352
3 84 354
84 3 354
3 85 249
85 3 249
3 87 264
87 3 264
3 88 287
88 3 287
3 89 332
89 3 332
3 93 330
93 3 330
3 97 286
97 3 286
3 100 184
100 3 184
3 101 492
101 3 492
3 102 181
102 3 181
3 103 274
103 3 274
3 104 100
104 3 100
3 106 123
106 3 123
3 108 147
108 3 147
3 109 190
109 3 190
3 110 199
110 3 199
3 111 387
111 3 387
3 119 308
119 3 308
3 120 357
120 3 357
3 121 329
121 3 329
3 122 247
122 3 247
3 123 100
123 3 100
3 124 226
124 3 226
3 127 159
127 3 159
3 128 308
128 3 308
3 129 42
129 3 42
3 130 208
130 3 208
3 132 449
132 3 449
3 135 390
135 3 390
3 136 473
136 3 473
3 137 369
137 3 369
3 138 137
138 3 137
3 139 236
139 3 236
3 140 269
140 3 269
3 141 251
141 3 251
3 145 267
145 3 267
3 146 46
146 3 46
3 149 343
149 3 343
3 154 229
154 3 229
3 155 350
155 3 350
3 157 243
157 3 243
3 158 469
158 3 469
3 159 41
159 3 41
3 160 436
160 3 436
3 163 266
163 3 266
3 164 256
164 3 256
3 171 387
171 3 387
3 173 385
173 3 385
3 174 265
174 3 265
3 176 373
176 3 373
3 179 212
179 3 212
3 180 76
180 3 76
3 183 357
183 3 357
3 184 306
184 3 306
3 185 421
185 3 421
3 186 347
186 3 347
3 187 429
187 3 429
3 191 406
191 3 406
3 193 74
193 3 74
3 197 293
197 3 293
3 198 252
198 3 252
3 200 340
200 3 340
3 201 257
201 3 257
3 202 503
202 3 503
3 204 252
204 3 252
3 205 307
205 3 307
3 208 200
208 3 200
3 209 377
209 3 377
3 210 466
210 3 466
3 212 380
212 3 380
3 213 128
213 3 128
3 214 202
214 3 202
3 216 54
216 3 54
3 221 238
221 3 238
3 222 255
222 3 255
3 223 348
223 3 348
3 227 342
227 3 342
3 229 245
229 3 245
3 230 182
230 3 182
3 231 107
231 3 107
3 232 238
232 3 238
3 234 335
234 3 335
3 235 168
235 3 168
3 236 208
236 3 208
3 237 377
237 3 377
3 239 29
239 3 29
3 240 459
240 3 459
3 241 173
241 3 173
3 243 286
243 3 286
3 245 350
245 3 350
3 247 293
247 3 293
3 248 498
248 3 498
3 255 378
255 3 378
3 256 40
256 3 40
3 258 246
258 3 246
3 260 313
260 3 313
3 261 294
261 3 294
3 262 199
262 3 199
3 264 182
264 3 182
3 266 453
266 3 453
3 267 279
267 3 279
3 268 281
268 3 281
3 271 147
271 3 147
3 272 358
272 3 358
3 276 289
276 3 289
3 278 146
278 3 146
3 282 404
282 3 404
3 284 313
284 3 313
3 285 410
285 3 410
3 287 265
287 3 265
3 289 453
289 3 453
3 290 102
290 3 102
3 291 440
291 3 440
3 293 174
293 3 174
3 295 28
295 3 28
3 300 339
300 3 339
3 302 136
302 3 136
3 303 410
303 3 410
3 304 435
304 3 435
3 306 507
306 3 507
3 310 441
310 3 441
3 314 251
314 3 251
3 315 384
315 3 384
3 316 194
316 3 194
3 317 238
317 3 238
3 318 369
318 3 369
3 322 98
322 3 98
3 323 332
323 3 332
3 324 271
324 3 271
3 328 482
328 3 482
3 330 425
330 3 425
3 331 293
331 3 293
3 334 383
334 3 383
3 338 111
338 3 111
3 340 422
340 3 422
3 342 131
342 3 131
3 344 242
344 3 242
3 346 396
346 3 396
3 348 486
348 3 486
3 349 390
349 3 390
3 353 142
353 3 142
3 357 482
357 3 482
3 358 260
358 3 260
3 363 68
363 3 68
3 366 309
366 3 309
3 367 381
367 3 381
3 372 281
372 3 281
3 374 144
374 3 144
3 376 195
376 3 195
3 377 304
377 3 304
3 378 46
378 3 46
3 379 352
379 3 352
3 382 337
382 3 337
3 383 418
383 3 418
3 384 380
384 3 380
3 386 322
386 3 322
3 389 291
389 3 291
3 390 157
390 3 157
3 391 377
391 3 377
3 392 303
392 3 303
3 395 259
395 3 259
3 396 218
396 3 218
3 398 469
398 3 469
3 399 402
399 3 402
3 400 147
400 3 147
3 402 186
402 3 186
3 403 449
403 3 449
3 404 361
404 3 361
3 406 498
406 3 498
3 408 417
408 3 417
3 411 415
411 3 415
3 416 505
416 3 505
3 417 406
417 3 406
3 421 274
421 3 274
3 422 75
422 3 75
3 424 348
424 3 348
3 425 399
425 3 399
3 429 326
429 3 326
3 435 137
435 3 137
3 436 311
436 3 311
3 439 354
439 3 354
3 441 249
441 3 249
3 445 276
445 3 276
3 447 153
447 3 153
3 453 219
453 3 219
3 455 399
455 3 399
3 456 261
456 3 261
3 460 429
460 3 429
3 461 444
461 3 444
3 463 458
463 3 458
3 470 318
470 3 318
3 471 355
471 3 355
3 472 215
472 3 215
3 473 72
473 3 72
3 477 97
477 3 97
3 479 175
479 3 175
3 481 383
481 3 383
3 482 360
482 3 360
3 483 453
483 3 453
3 485 92
485 3 92
3 486 43
486 3 43
3 487 472
487 3 472
3 488 324
488 3 324
3 489 471
489 3 471
3 490 363
490 3 363
3 491 156
491 3 156
3 493 392
493 3 392
3 494 46
494 3 46
3 495 447
495 3 447
3 496 314
496 3 314
3 498 250
498 3 250
4 6 147
6 4 147
4 8 163
8 4 163
4 10 273
10 4 273
4 12 306
12 4 306
4 13 176
13 4 176
4 15 351
15 4 351
4 17 84
17 4 84
4 18 256
18 4 256
4 21 241
21 4 241
4 22 173
22 4 173
4 24 425
24 4 425
4 26 414
26 4 414
4 28 139
28 4 139
4 29 253
29 4 253
4 32 274
32 4 274
4 35 326
35 4 326
4 36 83
36 4 83
4 39 337
39 4 337
4 40 111
40 4 111
4 41 308
41 4 308
4 42 449
42 4 449
4 44 379
44 4 379
4 45 368
45 4 368
4 46 400
46 4 400
4 47 313
47 4 313
4 49 391
49 4 391
4 50 124
50 4 124
4 52 97
52 4 97
4 53 276
53 4 276
4 55 122
55 4 122
4 60 288
60 4 288
4 62 110
62 4 110
4 66 330
66 4 330
4 67 98
67 4 98
4 70 147
70 4 147
4 72 200
72 4 200
4 75 344
75 4 344
4 76 268
76 4 268
4 80 329
80 4 329
4 81 71
81 4 71
4 82 302
82 4 302
4 86 66
86 4 66
4 88 289
88 4 289
4 93 146
93 4 146
4 94 424
94 4 424
4 95 380
95 4 380
4 96 184
96 4 184
4 97 232
97 4 232
4 101 409
101 4 409
4 102 323
102 4 323
4 104 323
104 4 323
4 108 312
108 4 312
4 109 364
109 4 364
4 111 259
111 4 259
4 113 191
113 4 191
4 115 291
115 4 291
4 116 413
116 4 413
4 117 115
117 4 115
4 118 127
118 4 127
4 120 440
120 4 440
4 122 216
122 4 216
4 123 308
123 4 308
4 124 64
124 4 64
4 125 287
125 4 287
4 126 307
126 4 307
4 129 313
129 4 313
4 130 97
130 4 97
4 131 357
131 4 357
4 132 288
132 4 288
4 134 432
134 4 432
4 135 458
135 4 458
4 136 266
136 4 266
4 138 206
138 4 206
4 139 83
139 4 83
4 141 349
141 4 349
4 142 399
142 4 399
4 143 410
143 4 410
4 145 345
145 4 345
4 146 246
146 4 246
4 148 407
148 4 407
4 150 157
150 4 157
4 153 144
153 4 144
4 155 333
155 4 333
4 156 144
156 4 144
4 157 297
157 4 297
4 158 252
158 4 252
4 159 260
159 4 260
4 160 425
160 4 425
4 163 433
163 4 433
4 164 373
164 4 373
4 169 282
169 4 282
4 170 132
170 4 132
4 172 395
172 4 395
4 173 341
173 4 341
4 175 354
175 4 354
4 177 240
177 4 240
4 180 286
180 4 286
4 181 317
181 4 317
4 186 74
186 4 74
4 188 215
188 4 215
4 192 187
192 4 187
4 195 188
195 4 188
4 196 332
196 4 332
4 203 494
203 4 494
4 205 321
205 4 321
4 208 209
208 4 209
4 209 280
209 4 280
4 210 398
210 4 398
4 211 196
211 4 196
4 212 477
212 4 477
4 216 311
216 4 311
4 219 178
219 4 178
4 221 256
221 4 256
4 223 406
223 4 406
4 229 249
229 4 249
4 235 372
235 4 372
4 238 424
238 4 424
4 243 333
243 4 333
4 245 341
245 4 341
4 249 241
249 4 241
4 250 77
250 4 77
4 253 61
253 4 61
4 255 449
255 4 449
4 256 241
256 4 241
4 258 396
258 4 396
4 259 242
259 4 242
4 260 62
260 4 62
4 261 57
261 4 57
4 262 103
262 4 103
4 263 484
263 4 484
4 264 148
264 4 148
4 266 278
266 4 278
4 267 152
267 4 152
4 269 276
269 4 276
4 271 134
271 4 134
4 274 461
274 4 461
4 276 360
276 4 360
4 279 88
279 4 88
4 280 407
280 4 407
4 282 438
282 4 438
4 284 330
284 4 330
4 285 278
285 4 278
4 286 263
286 4 263
4 287 65
287 4 65
4 288 381
288 4 381
4 292 435
292 4 435
4 294 386
294 4 386
4 297 447
297 4 447
4 299 341
299 4 341
4 300 301
300 4 301
4 301 102
301 4 102
4 307 222
307 4 222
4 308 268
308 4 268
4 311 29
311 4 29
4 312 409
312 4 409
4 314 234
314 4 234
4 315 161
315 4 161
4 316 310
316 4 310
4 318 93
318 4 93
4 320 266
320 4 266
4 321 183
321 4 183
4 326 273
326 4 273
4 327 414
327 4 414
4 332 239
332 4 239
4 335 338
335 4 338
4 336 383
336 4 383
4 337 379
337 4 379
4 341 339
341 4 339
4 342 277
342 4 277
4 344 226
344 4 226
4 345 431
345 4 431
4 346 133
346 4 133
4 348 394
348 4 394
4 353 142
353 4 142
4 354 136
354 4 136
4 355 213
355 4 213
4 356 306
356 4 306
4 358 154
358 4 154
4 359 75
359 4 75
4 360 102
360 4 102
4 363 214
363 4 214
4 367 500
367 4 500
4 368 175
368 4 175
4 371 222
371 4 222
4 372 328
372 4 328
4 374 347
374 4 347
4 375 130
375 4 130
4 376 276
376 4 276
4 379 104
379 4 104
4 385 252
385 4 252
4 387 197
387 4 197
4 388 129
388 4 129
4 390 122
390 4 122
4 391 322
391 4 322
4 392 425
392 4 425
4 393 221
393 4 221
4 394 180
394 4 180
4 395 227
395 4 227
4 397 434
397 4 434
4 398 244
398 4 244
4 400 363
400 4 363
4 401 32
401 4 32
4 402 371
402 4 371
4 403 350
403 4 350
4 404 180
404 4 180
4 406 406
406 4 406
4 407 95
407 4 95
4 408 353
408 4 353
4 409 318
409 4 318
4 410 192
410 4 192
4 412 209
412 4 209
4 413 233
413 4 233
4 414 180
414 4 180
4 415 413
415 4 413
4 416 337
416 4 337
4 417 410
417 4 410
4 421 374
421 4 374
4 423 226
423 4 226
4 426 384
426 4 384
4 427 121
427 4 121
4 429 442
429 4 442
4 430 386
430 4 386
4 431 256
431 4 256
4 433 134
433 4 134
4 434 45
434 4 45
4 436 212
436 4 212
4 437 341
437 4 341
4 438 34
438 4 34
4 441 59
441 4 59
4 442 160
442 4 160
4 443 292
443 4 292
4 445 315
445 4 315
4 447 180
447 4 180
4 448 429
448 4 429
4 450 215
450 4 215
4 454 195
454 4 195
4 457 182
457 4 182
4 458 164
458 4 164
4 462 364
462 4 364
4 463 346
463 4 346
4 464 269
464 4 269
4 466 224
466 4 224
4 468 327
468 4 327
4 469 162
469 4 162
4 473 249
473 4 249
4 476 86
476 4 86
4 477 333
477 4 333
4 478 286
478 4 286
4 480 319
480 4 319
4 481 265
481 4 265
4 482 173
482 4 173
4 484 371
484 4 371
4 485 300
485 4 300
4 492 80
492 4 80
4 493 312
493 4 312
4 494 295
494 4 295
4 497 361
497 4 361
4 498 53
498 4 53
4 499 193
499 4 193
5 6 326
6 5 326
5 7 183
7 5 183
5 9 321
9 5 321
5 10 175
10 5 175
5 15 436
15 5 436
5 20 426
20 5 426
5 24 400
24 5 400
5 26 458
26 5 458
5 30 100
30 5 100
5 33 193
33 5 193
5 35 447
35 5 447
5 42 376
42 5 376
5 45 338
45 5 338
5 46 363
46 5 363
5 47 240
47 5 240
5 53 206
53 5 206
5 60 413
60 5 413
5 61 500
61 5 500
5 62 106
62 5 106
5 64 485
64 5 485
5 68 239
68 5 239
5 69 304
69 5 304
5 70 342
70 5 342
5 71 226
71 5 226
5 72 191
72 5 191
5 73 319
73 5 319
5 75 423
75 5 423
5 76 328
76 5 328
5 77 123
77 5 123
5 78 302
78 5 302
5 80 132
80 5 132
5 83 288
83 5 288
5 85 289
85 5 289
5 86 189
86 5 189
5 87 183
87 5 183
5 88 265
88 5 265
5 89 301
89 5 301
5 92 352
92 5 352
5 93 264
93 5 264
5 94 339
94 5 339
5 96 92
96 5 92
5 97 246
97 5 246
5 100 153
100 5 153
5 102 200
102 5 200
5 104 151
104 5 151
5 105 164
105 5 164
5 106 80
106 5 80
5 108 173
108 5 173
5 109 225
109 5 225
5 110 240
110 5 240
5 111 336
111 5 336
5 113 336
113 5 336
5 114 414
114 5 414
5 117 303
117 5 303
5 121 332
121 5 332
5 123 142
123 5 142
5 127 88
127 5 88
5 129 116
129 5 116
5 131 372
131 5 372
5 133 237
133 5 237
5 136 408
136 5 408
5 137 365
137 5 365
5 138 105
138 5 105
5 140 259
140 5 259
5 141 260
141 5 260
5 142 404
142 5 404
5 144 119
144 5 119
5 145 270
145 5 270
5 148 370
148 5 370
5 150 349
150 5 349
5 151 156
151 5 156
5 152 241
152 5 241
5 155 327
155 5 327
5 156 341
156 5 341
5 158 402
158 5 402
5 159 74
159 5 74
5 160 421
160 5 421
5 161 170
161 5 170
5 162 33
162 5 33
5 163 304
163 5 304
5 165 273
165 5 273
5 166 362
166 5 362
5 168 306
168 5 306
5 169 148
169 5 148
5 170 139
170 5 139
5 173 357
173 5 357
5 175 254
175 5 254
5 176 336
176 5 336
5 177 67
177 5 67
5 179 132
179 5 132
5 181 443
181 5 443
5 184 265
184 5 265
5 186 267
186 5 267
5 187 350
187 5 350
5 188 297
188 5 297
5 189 345
189 5 345
5 190 327
190 5 327
5 191 405
191 5 405
5 192 293
192 5 293
5 195 250
195 5 250
5 196 137
196 5 137
5 198 174
198 5 174
5 199 394
199 5 394
5 200 350
200 5 350
5 204 274
204 5 274
5 206 49
206 5 49
5 207 354
207 5 354
5 208 165
208 5 165
5 210 435
210 5 435
5 212 397
212 5 397
5 213 155
213 5 155
5 214 129
214 5 129
5 215 378
215 5 378
5 216 117
216 5 117
5 220 421
220 5 421
5 221 215
221 5 215
5 223 350
223 5 350
5 224 494
224 5 494
5 231 78
231 5 78
5 232 242
232 5 242
5 235 216
235 5 216
5 236 127
236 5 127
5 237 381
237 5 381
5 238 322
238 5 322
5 239 59
239 5 59
5 240 400
240 5 400
5 243 279
243 5 279
5 249 91
249 5 91
5 250 274
250 5 274
5 251 241
251 5 241
5 252 407
252 5 407
5 255 386
255 5 386
5 256 44
256 5 44
5 257 292
257 5 292
5 260 235
260 5 235
5 262 121
262 5 121
5 263 373
263 5 373
5 264 124
264 5 124
5 266 394
266 5 394
5 268 201
268 5 201
5 269 412
269 5 412
5 270 294
270 5 294
5 271 71
271 5 71
5 273 106
273 5 106
5 274 381
274 5 381
5 275 240
275 5 240
5 276 292
276 5 292
5 277 339
277 5 339
5 280 444
280 5 444
5 281 254
281 5 254
5 282 401
282 5 401
5 283 399
283 5 399
5 284 299
284 5 299
5 287 190
287 5 190
5 288 367
288 5 367
5 295 68
295 5 68
5 298 95
298 5 95
5 300 309
300 5 309
5 302 61
302 5 61
5 304 362
304 5 362
5 305 222
305 5 222
5 308 362
308 5 362
5 315 313
315 5 313
5 316 203
316 5 203
5 317 194
317 5 194
5 318 288
318 5 288
5 321 259
321 5 259
5 322 112
322 5 112
5 324 206
324 5 206
5 325 381
325 5 381
5 329 120
329 5 120
5 331 287
331 5 287
5 334 311
334 5 311
5 336 338
336 5 338
5 337 326
337 5 326
5 338 134
338 5 134
5 339 218
339 5 218
5 340 368
340 5 368
5 342 143
342 5 143
5 345 511
345 5 511
5 347 358
347 5 358
5 348 449
348 5 449
5 349 317
349 5 317
5 350 290
350 5 290
5 351 241
351 5 241
5 352 157
352 5 157
5 353 69
353 5 69
5 354 314
354 5 314
5 356 186
356 5 186
5 357 444
357 5 444
5 361 402
361 5 402
5 364 240
364 5 240
5 369 352
369 5 352
5 371 294
371 5 294
5 375 323
375 5 323
5 377 279
377 5 279
5 379 276
379 5 276
5 380 320
380 5 320
5 383 396
383 5 396
5 384 405
384 5 405
5 387 63
387 5 63
5 388 222
388 5 222
5 390 76
390 5 76
5 395 222
395 5 222
5 396 190
396 5 190
5 397 345
397 5 345
5 398 400
398 5 400
5 401 229
401 5 229
5 403 409
403 5 409
5 404 297
404 5 297
5 405 302
405 5 302
5 407 125
407 5 125
5 409 140
409 5 140
5 410 330
410 5 330
5 412 73
412 5 73
5 415 416
415 5 416
5 417 393
417 5 393
5 419 217
419 5 217
5 422 19
422 5 19
5 423 307
423 5 307
5 424 288
424 5 288
5 427 285
427 5 285
5 431 227
431 5 227
5 434 195
434 5 195
5 435 151
435 5 151
5 436 262
436 5 262
5 438 214
438 5 214
5 440 216
440 5 216
5 444 18
444 5 18
5 445 265
445 5 265
5 446 140
446 5 140
5 449 66
449 5 66
5 450 132
450 5 132
5 455 379
455 5 379
5 456 195
456 5 195
5 457 276
457 5 276
5 459 9
459 5 9
5 460 389
460 5 389
5 461 375
461 5 375
5 464 101
464 5 101
5 466 301
466 5 301
5 467 130
467 5 130
5 469 259
469 5 259
5 470 340
470 5 340
5 473 82
473 5 82
5 474 260
474 5 260
5 475 92
475 5 92
5 477 155
477 5 155
5 479 99
479 5 99
5 480 311
480 5 311
5 482 295
482 5 295
5 484 323
484 5 323
5 486 94
486 5 94
5 489 411
489 5 411
5 491 182
491 5 182
5 495 407
495 5 407
6 14 404
14 6 404
6 15 257
15 6 257
6 18 317
18 6 317
6 19 162
19 6 162
6 21 164
21 6 164
6 22 89
22 6 89
6 25 482
25 6 482
6 26 343
26 6 343
6 29 169
29 6 169
6 30 226
30 6 226
6 33 195
33 6 195
6 34 354
34 6 354
6 36 85
36 6 85
6 39 239
39 6 239
6 41 412
41 6 412
6 44 317
44 6 317
6 46 394
46 6 394
6 47 351
47 6 351
6 51 149
51 6 149
6 52 158
52 6 158
6 54 196
54 6 196
6 57 207
57 6 207
6 60 170
60 6 170
6 67 123
67 6 123
6 70 123
70 6 123
6 73 432
73 6 432
6 74 285
74 6 285
6 78 33
78 6 33
6 79 459
79 6 459
6 81 195
81 6 195
6 82 314
82 6 314
6 83 111
83 6 111
6 84 358
84 6 358
6 87 162
87 6 162
6 89 274
89 6 274
6 91 117
91 6 117
6 92 149
92 6 149
6 96 330
96 6 330
6 98 275
98 6 275
6 100 277
100 6 277
6 101 334
101 6 334
6 103 152
103 6 152
6 104 421
104 6 421
6 105 166
105 6 166
6 107 416
107 6 416
6 109 434
109 6 434
6 112 318
112 6 318
6 116 300
116 6 300
6 117 38
117 6 38
6 120 453
120 6 453
6 123 404
123 6 404
6 126 447
126 6 447
6 130 194
130 6 194
6 133 109
133 6 109
6 134 324
134 6 324
6 135 461
135 6 461
6 139 229
139 6 229
6 141 389
141 6 389
6 142 361
142 6 361
6 146 362
146 6 362
6 147 452
147 6 452
6 148 400
148 6 400
6 150 50
150 6 50
6 154 190
154 6 190
6 155 316
155 6 316
6 157 331
157 6 331
6 160 390
160 6 390
6 163 490
163 6 490
6 168 241
168 6 241
6 171 114
171 6 114
6 172 320
172 6 320
6 173 305
173 6 305
6 174 389
174 6 389
6 175 401
175 6 401
6 177 379
177 6 379
6 178 145
178 6 145
6 180 389
180 6 389
6 181 192
181 6 192
6 184 229
184 6 229
6 185 134
185 6 134
6 188 164
188 6 164
6 192 126
192 6 126
6 196 463
196 6 463
6 197 139
197 6 139
6 198 236
198 6 236
6 199 110
199 6 110
6 201 146
201 6 146
6 202 279
202 6 279
6 206 335
206 6 335
6 210 334
210 6 334
6 212 492
212 6 492
6 213 388
213 6 388
6 215 403
215 6 403
6 216 444
216 6 444
6 217 242
217 6 242
6 218 252
218 6 252
6 220 335
220 6 335
6 221 288
221 6 288
6 224 300
224 6 300
6 226 261
226 6 261
6 228 69
228 6 69
6 229 277
229 6 277
6 233 329
233 6 329
6 234 104
234 6 104
6 235 455
235 6 455
6 240 163
240 6 163
6 241 418
241 6 418
6 242 215
242 6 215
6 243 352
243 6 352
6 244 176
244 6 176
6 245 326
245 6 326
6 249 341
249 6 341
6 250 91
250 6 91
6 251 409
251 6 409
6 252 410
252 6 410
6 255 455
255 6 455
6 256 370
256 6 370
6 257 457
257 6 457
6 258 450
258 6 450
6 260 91
260 6 91
6 261 182
261 6 182
6 264 231
264 6 231
6 266 169
266 6 169
6 268 188
268 6 188
6 272 357
272 6 357
6 273 220
273 6 220
6 274 477
274 6 477
6 275 385
275 6 385
6 277 402
277 6 402
6 278 279
278 6 279
6 282 426
282 6 426
6 283 408
283 6 408
6 284 334
284 6 334
6 285 201
285 6 201
6 287 136
287 6 136
6 288 361
288 6 361
6 289 77
289 6 77
6 290 303
290 6 303
6 291 38
291 6 38
6 292 434
292 6 434
6 294 395
294 6 395
6 295 394
295 6 394
6 296 319
296 6 319
6 297 498
297 6 498
6 298 421
298 6 421
6 300 283
300 6 283
6 301 188
301 6 188
6 302 265
302 6 265
6 303 278
303 6 278
6 304 49
304 6 49
6 306 311
306 6 311
6 311 119
311 6 119
6 312 419
312 6 419
6 314 258
314 6 258
6 315 56
315 6 56
6 318 120
318 6 120
6 319 376
319 6 376
6 320 301
320 6 301
6 321 158
321 6 158
6 323 519
323 6 519
6 324 152
324 6 152
6 326 301
326 6 301
6 327 312
327 6 312
6 331 357
331 6 357
6 332 276
332 6 276
6 333 321
333 6 321
6 336 385
336 6 385
6 342 360
342 6 360
6 343 53
343 6 53
6 344 255
344 6 255
6 346 167
346 6 167
6 347 445
347 6 445
6 348 318
348 6 318
6 350 62
350 6 62
6 351 189
351 6 189
6 353 259
353 6 259
6 354 12
354 6 12
6 358 179
358 6 179
6 359 73
359 6 73
6 361 127
361 6 127
6 362 439
362 6 439
6 366 129
366 6 129
6 367 523
367 6 523
6 369 266
369 6 266
6 371 177
371 6 177
6 372 349
372 6 349
6 374 433
374 6 433
6 375 54
375 6 54
6 376 332
376 6 332
6 380 214
380 6 214
6 383 349
383 6 349
6 384 522
384 6 522
6 386 489
386 6 489
6 389 257
389 6 257
6 390 258
390 6 258
6 398 104
398 6 104
6 399 287
399 6 287
6 400 452
400 6 452
6 405 314
405 6 314
6 408 302
408 6 302
6 412 313
412 6 313
6 414 291
414 6 291
6 415 375
415 6 375
6 419 363
419 6 363
6 420 532
420 6 532
6 423 170
423 6 170
6 424 131
424 6 131
6 425 2
425 6 2
6 427 45
427 6 45
6 429 473
429 6 473
6 430 317
430 6 317
6 435 366
435 6 366
6 437 349
437 6 349
6 438 157
438 6 157
6 440 428
440 6 428
6 441 205
441 6 205
6 445 336
445 6 336
6 446 458
446 6 458
6 447 326
447 6 326
6 450 289
450 6 289
6 451 139
451 6 139
6 454 145
454 6 145
6 457 139
457 6 139
6 460 268
460 6 268
6 462 257
462 6 257
6 464 373
464 6 373
6 467 371
467 6 371
6 470 469
470 6 469
6 472 244
472 6 244
6 473 356
473 6 356
6 475 412
475 6 412
6 477 434
477 6 434
6 478 211
478 6 211
6 479 227
479 6 227
6 480 308
480 6 308
6 482 102
482 6 102
6 485 440
485 6 440
6 486 420
486 6 420
6 488 187
488 6 187
6 490 532
490 6 532
6 491 396
491 6 396
6 492 128
492 6 128
6 494 428
494 6 428
6 496 120
496 6 120
7 11 254
11 7 254
7 13 55
13 7 55
7 18 73
18 7 73
7 19 354
19 7 354
7 21 174
21 7 174
7 23 155
23 7 155
7 25 237
25 7 237
7 32 133
32 7 133
7 33 245
33 7 245
7 34 134
34 7 134
7 39 257
39 7 257
7 40 257
40 7 257
7 41 194
41 7 194
7 43 158
43 7 158
7 44 234
44 7 234
7 45 173
45 7 173
7 47 113
47 7 113
7 48 249
48 7 249
7 49 204
49 7 204
7 51 208
51 7 208
7 53 78
53 7 78
7 54 153
54 7 153
7 56 234
56 7 234
7 57 67
57 7 67
7 58 45
58 7 45
7 59 102
59 7 102
7 66 215
66 7 215
7 67 128
67 7 128
7 70 325
70 7 325
7 79 214
79 7 214
7 82 104
82 7 104
7 83 154
83 7 154
7 91 230
91 7 230
7 93 143
93 7 143
7 95 273
95 7 273
7 96 254
96 7 254
7 97 64
97 7 64
7 100 41
100 7 41
7 102 146
102 7 146
7 103 93
103 7 93
7 104 196
104 7 196
7 105 168
105 7 168
7 106 255
106 7 255
7 107 274
107 7 274
7 108 153
108 7 153
7 112 234
112 7 234
7 114 234
114 7 234
7 117 244
117 7 244
7 118 247
118 7 247
7 120 237
120 7 237
7 131 191
131 7 191
7 132 229
132 7 229
7 134 344
134 7 344
7 135 257
135 7 257
7 136 269
136 7 269
7 140 109
140 7 109
7 147 239
147 7 239
7 149 183
149 7 183
7 150 288
150 7 288
7 152 146
152 7 146
7 153 66
153 7 66
7 155 150
155 7 150
7 160 246
160 7 246
7 164 177
164 7 177
7 165 200
165 7 200
7 166 182
166 7 182
7 167 208
167 7 208
7 173 176
173 7 176
7 176 153
176 7 153
7 177 250
177 7 250
7 180 174
180 7 174
7 181 287
181 7 287
7 182 205
182 7 205
7 183 299
183 7 299
7 185 330
185 7 330
7 187 292
187 7 292
7 188 135
188 7 135
7 189 162
189 7 162
7 190 233
190 7 233
7 191 249
191 7 249
7 195 90
195 7 90
7 197 215
197 7 215
7 199 263
199 7 263
7 201 155
201 7 155
7 203 292
203 7 292
7 206 225
206 7 225
7 209 154
209 7 154
7 216 277
216 7 277
7 218 110
218 7 110
7 219 142
219 7 142
7 220 239
220 7 239
7 223 205
223 7 205
7 224 317
224 7 317
7 225 212
225 7 212
7 226 195
226 7 195
7 227 247
227 7 247
7 228 197
228 7 197
7 229 47
229 7 47
7 233 147
233 7 147
7 234 237
234 7 237
7 235 215
235 7 215
7 236 199
236 7 199
7 237 234
237 7 234
7 238 225
238 7 225
7 240 246
