458 94
124522
0 2 274
2 0 274
0 4 421
4 0 421
0 6 277
6 0 277
0 7 420
7 0 420
0 8 454
8 0 454
0 9 287
9 0 287
0 15 472
15 0 472
0 16 486
16 0 486
0 17 332
17 0 332
0 18 210
18 0 210
0 19 73
19 0 73
0 20 224
20 0 224
0 31 194
31 0 194
0 32 437
32 0 437
0 33 25
33 0 25
0 34 389
34 0 389
0 38 367
38 0 367
0 43 434
43 0 434
0 45 403
45 0 403
0 49 576
49 0 576
0 51 324
51 0 324
0 52 167
52 0 167
0 53 464
53 0 464
0 54 154
54 0 154
0 55 222
55 0 222
0 58 459
58 0 459
0 61 352
61 0 352
0 62 372
62 0 372
0 64 415
64 0 415
0 68 283
68 0 283
0 73 268
73 0 268
0 75 381
75 0 381
0 76 438
76 0 438
0 77 477
77 0 477
0 79 382
79 0 382
0 80 384
80 0 384
0 81 437
81 0 437
0 83 429
83 0 429
0 85 282
85 0 282
0 88 407
88 0 407
0 89 128
89 0 128
0 93 401
93 0 401
0 94 86
94 0 86
0 96 108
96 0 108
0 97 269
97 0 269
0 98 441
98 0 441
0 104 304
104 0 304
0 107 520
107 0 520
0 109 134
109 0 134
0 110 380
110 0 380
0 112 486
112 0 486
0 114 175
114 0 175
0 116 175
116 0 175
0 118 552
118 0 552
0 123 285
123 0 285
0 127 430
127 0 430
0 129 335
129 0 335
0 131 307
131 0 307
0 132 341
132 0 341
0 133 422
133 0 422
0 135 18
135 0 18
0 136 359
136 0 359
0 137 257
137 0 257
0 138 460
138 0 460
0 141 401
141 0 401
0 143 383
143 0 383
0 145 62
145 0 62
0 148 338
148 0 338
0 150 456
150 0 456
0 152 563
152 0 563
0 154 605
154 0 605
0 155 420
155 0 420
0 156 277
156 0 277
0 162 311
162 0 311
0 163 261
163 0 261
0 164 437
164 0 437
0 165 483
165 0 483
0 166 475
166 0 475
0 168 404
168 0 404
0 172 403
172 0 403
0 173 291
173 0 291
0 176 106
176 0 106
0 177 545
177 0 545
0 180 18
180 0 18
0 181 132
181 0 132
0 182 308
182 0 308
0 185 470
185 0 470
0 187 211
187 0 211
0 189 466
189 0 466
0 190 253
190 0 253
0 191 423
191 0 423
0 192 378
192 0 378
0 193 439
193 0 439
0 195 307
195 0 307
0 196 452
196 0 452
0 197 492
197 0 492
0 198 477
198 0 477
0 200 304
200 0 304
0 201 372
201 0 372
0 204 381
204 0 381
0 205 451
205 0 451
0 206 342
206 0 342
0 214 255
214 0 255
0 216 181
216 0 181
0 219 235
219 0 235
0 221 464
221 0 464
0 222 483
222 0 483
0 223 290
223 0 290
0 224 375
224 0 375
0 225 342
225 0 342
0 227 202
227 0 202
0 228 330
228 0 330
0 229 398
229 0 398
0 234 45
234 0 45
0 238 209
238 0 209
0 239 378
239 0 378
0 240 511
240 0 511
0 241 31
241 0 31
0 242 36
242 0 36
0 243 350
243 0 350
0 245 587
245 0 587
0 246 361
246 0 361
0 247 379
247 0 379
0 248 284
248 0 284
0 250 304
250 0 304
0 251 386
251 0 386
0 253 198
253 0 198
0 255 460
255 0 460
0 257 251
257 0 251
0 258 415
258 0 415
0 259 183
259 0 183
0 261 570
261 0 570
0 263 511
263 0 511
0 269 285
269 0 285
0 270 420
270 0 420
0 274 314
274 0 314
0 277 251
277 0 251
0 280 355
280 0 355
0 281 344
281 0 344
0 286 510
286 0 510
0 287 443
287 0 443
0 288 39
288 0 39
0 290 13
290 0 13
0 291 236
291 0 236
0 292 113
292 0 113
0 293 427
293 0 427
0 298 137
298 0 137
0 300 503
300 0 503
0 302 441
302 0 441
0 303 204
303 0 204
0 306 316
306 0 316
0 307 356
307 0 356
0 308 278
308 0 278
0 309 443
309 0 443
0 310 30
310 0 30
0 316 101
316 0 101
0 318 479
318 0 479
0 321 154
321 0 154
0 322 517
322 0 517
0 323 451
323 0 451
0 324 42
324 0 42
0 335 392
335 0 392
0 336 362
336 0 362
0 338 428
338 0 428
0 339 252
339 0 252
0 340 411
340 0 411
0 342 602
342 0 602
0 343 243
343 0 243
0 344 399
344 0 399
0 348 462
348 0 462
0 349 408
349 0 408
0 352 184
352 0 184
0 353 457
353 0 457
0 354 273
354 0 273
0 355 468
355 0 468
0 357 195
357 0 195
0 358 297
358 0 297
0 359 502
359 0 502
0 360 442
360 0 442
0 363 363
363 0 363
0 364 335
364 0 335
0 365 609
365 0 609
0 366 265
366 0 265
0 368 321
368 0 321
0 370 540
370 0 540
0 371 255
371 0 255
0 373 306
373 0 306
0 374 28
374 0 28
0 375 249
375 0 249
0 380 91
380 0 91
0 387 424
387 0 424
0 389 520
389 0 520
0 390 368
390 0 368
0 391 286
391 0 286
0 392 133
392 0 133
0 393 412
393 0 412
0 395 420
395 0 420
0 397 426
397 0 426
0 399 450
399 0 450
0 400 184
400 0 184
0 402 452
402 0 452
0 403 459
403 0 459
0 406 295
406 0 295
0 408 367
408 0 367
0 411 30
411 0 30
0 412 454
412 0 454
0 413 441
413 0 441
0 415 289
415 0 289
0 416 567
416 0 567
0 417 527
417 0 527
0 418 137
418 0 137
0 423 379
423 0 379
0 424 274
424 0 274
0 427 455
427 0 455
0 434 370
434 0 370
0 436 207
436 0 207
0 439 336
439 0 336
0 441 375
441 0 375
0 442 444
442 0 444
0 443 418
443 0 418
0 445 312
445 0 312
0 446 378
446 0 378
0 447 464
447 0 464
0 448 117
448 0 117
0 451 395
451 0 395
0 452 280
452 0 280
0 453 363
453 0 363
0 455 396
455 0 396
0 460 210
460 0 210
0 461 409
461 0 409
0 462 183
462 0 183
0 466 418
466 0 418
0 467 199
467 0 199
0 469 267
469 0 267
0 471 263
471 0 263
0 474 247
474 0 247
0 475 43
475 0 43
0 476 260
476 0 260
0 479 591
479 0 591
0 480 297
480 0 297
0 481 97
481 0 97
0 482 181
482 0 181
0 483 549
483 0 549
0 486 437
486 0 437
0 487 209
487 0 209
0 489 357
489 0 357
0 491 586
491 0 586
0 492 308
492 0 308
0 493 205
493 0 205
0 494 190
494 0 190
0 497 383
497 0 383
0 498 413
498 0 413
1 3 385
3 1 385
1 6 331
6 1 331
1 7 507
7 1 507
1 8 470
8 1 470
1 9 436
9 1 436
1 10 118
10 1 118
1 11 167
11 1 167
1 13 232
13 1 232
1 14 411
14 1 411
1 16 73
16 1 73
1 17 413
17 1 413
1 19 494
19 1 494
1 21 333
21 1 333
1 22 229
22 1 229
1 24 376
24 1 376
1 25 321
25 1 321
1 28 265
28 1 265
1 30 39
30 1 39
1 33 530
33 1 530
1 34 163
34 1 163
1 35 324
35 1 324
1 36 235
36 1 235
1 37 351
37 1 351
1 40 239
40 1 239
1 41 518
41 1 518
1 44 322
44 1 322
1 45 452
45 1 452
1 49 103
49 1 103
1 50 115
50 1 115
1 51 250
51 1 250
1 52 449
52 1 449
1 53 337
53 1 337
1 54 418
54 1 418
1 56 115
56 1 115
1 57 335
57 1 335
1 58 92
58 1 92
1 59 237
59 1 237
1 60 327
60 1 327
1 61 220
61 1 220
1 62 267
62 1 267
1 63 193
63 1 193
1 64 307
64 1 307
1 65 150
65 1 150
1 69 469
69 1 469
1 71 391
71 1 391
1 72 423
72 1 423
1 73 286
73 1 286
1 75 454
75 1 454
1 77 185
77 1 185
1 78 112
78 1 112
1 83 242
83 1 242
1 84 419
84 1 419
1 85 338
85 1 338
1 90 239
90 1 239
1 92 445
92 1 445
1 93 295
93 1 295
1 95 407
95 1 407
1 96 517
96 1 517
1 97 421
97 1 421
1 100 118
100 1 118
1 101 462
101 1 462
1 103 319
103 1 319
1 104 305
104 1 305
1 106 109
106 1 109
1 108 504
108 1 504
1 109 419
109 1 419
1 110 322
110 1 322
1 115 283
115 1 283
1 116 385
116 1 385
1 118 184
118 1 184
1 121 213
121 1 213
1 122 227
122 1 227
1 123 388
123 1 388
1 124 178
124 1 178
1 125 188
125 1 188
1 126 82
126 1 82
1 130 146
130 1 146
1 136 393
136 1 393
1 137 334
137 1 334
1 138 234
138 1 234
1 140 189
140 1 189
1 142 430
142 1 430
1 144 323
144 1 323
1 145 491
145 1 491
1 148 225
148 1 225
1 149 220
149 1 220
1 151 194
151 1 194
1 152 106
152 1 106
1 157 465
157 1 465
1 160 521
160 1 521
1 161 450
161 1 450
1 162 240
162 1 240
1 165 321
165 1 321
1 166 263
166 1 263
1 167 297
167 1 297
1 168 171
168 1 171
1 169 267
169 1 267
1 171 158
171 1 158
1 172 317
172 1 317
1 173 445
173 1 445
1 177 205
177 1 205
1 178 261
178 1 261
1 180 540
180 1 540
1 183 441
183 1 441
1 184 84
184 1 84
1 187 346
187 1 346
1 189 166
189 1 166
1 191 410
191 1 410
1 192 181
192 1 181
1 193 438
193 1 438
1 197 70
197 1 70
1 198 334
198 1 334
1 199 362
199 1 362
1 200 276
200 1 276
1 201 182
201 1 182
1 202 505
202 1 505
1 203 533
203 1 533
1 206 331
206 1 331
1 209 327
209 1 327
1 210 544
210 1 544
1 212 113
212 1 113
1 213 212
213 1 212
1 214 307
214 1 307
1 218 181
218 1 181
1 221 178
221 1 178
1 225 338
225 1 338
1 226 322
226 1 322
1 229 181
229 1 181
1 232 263
232 1 263
1 234 506
234 1 506
1 235 413
235 1 413
1 238 388
238 1 388
1 241 556
241 1 556
1 242 539
242 1 539
1 243 244
243 1 244
1 245 91
245 1 91
1 248 278
248 1 278
1 250 269
250 1 269
1 251 175
251 1 175
1 252 445
252 1 445
1 253 421
253 1 421
1 254 90
254 1 90
1 255 182
255 1 182
1 256 426
256 1 426
1 258 366
258 1 366
1 259 371
259 1 371
1 263 245
263 1 245
1 265 261
265 1 261
1 266 324
266 1 324
1 268 445
268 1 445
1 271 415
271 1 415
1 272 81
272 1 81
1 273 302
273 1 302
1 276 485
276 1 485
1 277 352
277 1 352
1 281 362
281 1 362
1 282 65
282 1 65
1 284 228
284 1 228
1 285 252
285 1 252
1 287 123
287 1 123
1 288 512
288 1 512
1 290 540
290 1 540
1 291 342
291 1 342
1 294 552
294 1 552
1 295 533
295 1 533
1 297 438
297 1 438
1 299 180
299 1 180
1 301 198
301 1 198
1 303 386
303 1 386
1 304 481
304 1 481
1 305 311
305 1 311
1 306 398
306 1 398
1 309 199
309 1 199
1 310 565
310 1 565
1 312 136
312 1 136
1 314 161
314 1 161
1 316 500
316 1 500
1 320 177
320 1 177
1 323 111
323 1 111
1 326 369
326 1 369
1 328 174
328 1 174
1 329 185
329 1 185
1 332 301
332 1 301
1 334 259
334 1 259
1 335 176
335 1 176
1 337 466
337 1 466
1 338 123
338 1 123
1 339 498
339 1 498
1 341 301
341 1 301
1 342 139
342 1 139
1 343 315
343 1 315
1 348 101
348 1 101
1 349 265
349 1 265
1 351 318
351 1 318
1 352 385
352 1 385
1 353 497
353 1 497
1 354 350
354 1 350
1 355 230
355 1 230
1 357 384
357 1 384
1 358 366
358 1 366
1 362 317
362 1 317
1 364 221
364 1 221
1 366 423
366 1 423
1 369 388
369 1 388
1 371 358
371 1 358
1 375 446
375 1 446
1 376 50
376 1 50
1 379 398
379 1 398
1 382 372
382 1 372
1 383 122
383 1 122
1 386 325
386 1 325
1 390 469
390 1 469
1 392 421
392 1 421
1 393 233
393 1 233
1 394 281
394 1 281
1 395 406
395 1 406
1 397 361
397 1 361
1 404 271
404 1 271
1 405 369
405 1 369
1 406 276
406 1 276
1 409 80
409 1 80
1 410 21
410 1 21
1 413 365
413 1 365
1 414 487
414 1 487
1 416 134
416 1 134
1 418 458
418 1 458
1 421 101
421 1 101
1 423 171
423 1 171
1 425 170
425 1 170
1 428 344
428 1 344
1 430 209
430 1 209
1 431 270
431 1 270
1 442 226
442 1 226
1 444 358
444 1 358
1 445 323
445 1 323
1 450 474
450 1 474
1 451 161
451 1 161
1 453 428
453 1 428
1 454 369
454 1 369
1 457 137
457 1 137
1 459 512
459 1 512
1 461 162
461 1 162
1 462 452
462 1 452
1 464 266
464 1 266
1 465 564
465 1 564
1 466 508
466 1 508
1 467 417
467 1 417
1 468 383
468 1 383
1 469 340
469 1 340
1 470 297
470 1 297
1 471 305
471 1 305
1 472 420
472 1 420
1 476 325
476 1 325
1 477 312
477 1 312
1 478 318
478 1 318
1 481 456
481 1 456
1 487 379
487 1 379
1 488 357
488 1 357
1 492 367
492 1 367
1 494 364
494 1 364
1 498 168
498 1 168
1 499 330
499 1 330
2 3 336
3 2 336
2 4 378
4 2 378
2 6 152
6 2 152
2 7 395
7 2 395
2 8 392
8 2 392
2 11 243
11 2 243
2 12 200
12 2 200
2 17 274
17 2 274
2 22 60
22 2 60
2 28 56
28 2 56
2 31 119
31 2 119
2 32 167
32 2 167
2 37 237
37 2 237
2 41 245
41 2 245
2 46 107
46 2 107
2 47 228
47 2 228
2 48 150
48 2 150
2 49 317
49 2 317
2 52 208
52 2 208
2 53 318
53 2 318
2 55 149
55 2 149
2 56 296
56 2 296
2 59 223
59 2 223
2 60 323
60 2 323
2 66 272
66 2 272
2 70 294
70 2 294
2 71 179
71 2 179
2 74 145
74 2 145
2 76 253
76 2 253
2 77 250
77 2 250
2 78 266
78 2 266
2 79 115
79 2 115
2 80 276
80 2 276
2 81 192
81 2 192
2 84 142
84 2 142
2 88 180
88 2 180
2 89 260
89 2 260
2 90 112
90 2 112
2 93 239
93 2 239
2 94 246
94 2 246
2 95 179
95 2 179
2 97 240
97 2 240
2 98 177
98 2 177
2 99 254
99 2 254
2 101 349
101 2 349
2 106 209
106 2 209
2 107 320
107 2 320
2 109 141
109 2 141
2 115 141
115 2 141
2 116 108
116 2 108
2 119 147
119 2 147
2 121 70
121 2 70
2 122 290
122 2 290
2 123 219
123 2 219
2 126 197
126 2 197
2 127 177
127 2 177
2 128 251
128 2 251
2 129 293
129 2 293
2 132 346
132 2 346
2 133 169
133 2 169
2 134 150
134 2 150
2 137 94
137 2 94
2 140 195
140 2 195
2 141 240
141 2 240
2 145 217
145 2 217
2 149 62
149 2 62
2 150 324
150 2 324
2 154 344
154 2 344
2 155 165
155 2 165
2 157 201
157 2 201
2 159 195
159 2 195
2 162 37
162 2 37
2 163 230
163 2 230
2 164 166
164 2 166
2 168 156
168 2 156
2 174 147
174 2 147
2 175 225
175 2 225
2 176 259
176 2 259
2 178 27
178 2 27
2 179 74
179 2 74
2 180 262
180 2 262
2 183 247
183 2 247
2 184 216
184 2 216
2 185 214
185 2 214
2 187 90
187 2 90
2 190 216
190 2 216
2 192 104
192 2 104
2 193 361
193 2 361
2 194 176
194 2 176
2 197 224
197 2 224
2 198 326
198 2 326
2 203 264
203 2 264
2 204 106
204 2 106
2 205 182
205 2 182
2 207 236
207 2 236
2 208 287
208 2 287
2 209 116
209 2 116
2 210 266
210 2 266
2 212 200
212 2 200
2 220 55
220 2 55
2 221 234
221 2 234
2 222 209
222 2 209
2 226 97
226 2 97
2 227 78
227 2 78
2 228 315
228 2 315
2 230 317
230 2 317
2 232 87
232 2 87
2 238 130
238 2 130
2 241 282
241 2 282
2 242 266
242 2 266
2 243 106
243 2 106
2 244 207
244 2 207
2 246 333
246 2 333
2 252 172
252 2 172
2 255 204
255 2 204
2 256 233
256 2 233
2 257 43
257 2 43
2 261 323
261 2 323
2 262 292
262 2 292
2 263 308
263 2 308
2 264 241
264 2 241
2 265 138
265 2 138
2 272 299
272 2 299
2 273 61
273 2 61
2 274 212
274 2 212
2 275 159
275 2 159
2 276 303
276 2 303
2 277 113
277 2 113
2 281 242
281 2 242
2 282 303
282 2 303
2 284 55
284 2 55
2 286 271
286 2 271
2 288 235
288 2 235
2 290 264
290 2 264
2 291 85
291 2 85
2 293 322
293 2 322
2 297 160
297 2 160
2 298 214
298 2 214
2 304 214
304 2 214
2 305 69
305 2 69
2 311 20
311 2 20
2 313 225
313 2 225
2 315 227
315 2 227
2 317 163
317 2 163
2 318 259
318 2 259
2 319 234
319 2 234
2 320 136
320 2 136
2 321 156
321 2 156
2 322 256
322 2 256
2 323 187
323 2 187
2 325 63
325 2 63
2 326 107
326 2 107
2 328 134
328 2 134
2 330 330
330 2 330
2 335 121
335 2 121
2 336 104
336 2 104
2 344 152
344 2 152
2 352 112
352 2 112
2 356 80
356 2 80
2 362 80
362 2 80
2 364 83
364 2 83
2 366 239
366 2 239
2 367 74
367 2 74
2 377 228
377 2 228
2 381 138
381 2 138
2 382 106
382 2 106
2 385 254
385 2 254
2 386 221
386 2 221
2 388 224
388 2 224
2 390 338
390 2 338
2 391 127
391 2 127
2 392 143
392 2 143
2 393 174
393 2 174
2 394 62
394 2 62
2 395 328
395 2 328
2 396 41
396 2 41
2 399 175
399 2 175
2 400 145
400 2 145
2 401 134
401 2 134
2 403 207
403 2 207
2 404 60
404 2 60
2 410 290
410 2 290
2 411 297
411 2 297
2 412 225
412 2 225
2 417 282
417 2 282
2 419 235
419 2 235
2 420 97
420 2 97
2 421 244
421 2 244
2 424 306
424 2 306
2 425 112
425 2 112
2 426 290
426 2 290
2 427 339
427 2 339
2 428 179
428 2 179
2 432 76
432 2 76
2 433 90
433 2 90
2 436 165
436 2 165
2 438 161
438 2 161
2 441 148
441 2 148
2 442 204
442 2 204
2 443 147
443 2 147
2 444 200
444 2 200
2 445 137
445 2 137
2 446 196
446 2 196
2 448 186
448 2 186
2 455 211
455 2 211
2 456 192
456 2 192
2 459 235
459 2 235
2 460 90
460 2 90
2 462 220
462 2 220
2 463 228
463 2 228
2 472 145
472 2 145
2 474 77
474 2 77
2 477 318
477 2 318
2 478 229
478 2 229
2 480 70
480 2 70
2 481 183
481 2 183
2 483 321
483 2 321
2 484 289
484 2 289
2 485 223
485 2 223
2 487 149
487 2 149
2 490 188
490 2 188
2 491 341
491 2 341
2 492 217
492 2 217
2 493 72
493 2 72
2 495 95
495 2 95
2 497 143
497 2 143
3 4 107
4 3 107
3 5 346
5 3 346
3 6 199
6 3 199
3 12 187
12 3 187
3 18 316
18 3 316
3 19 444
19 3 444
3 25 481
25 3 481
3 26 331
26 3 331
3 27 441
27 3 441
3 29 456
29 3 456
3 30 361
30 3 361
3 32 315
32 3 315
3 33 445
33 3 445
3 37 108
37 3 108
3 39 321
39 3 321
3 40 420
40 3 420
3 41 405
41 3 405
3 42 222
42 3 222
3 47 544
47 3 544
3 48 453
48 3 453
3 50 282
50 3 282
3 51 393
51 3 393
3 52 283
52 3 283
3 53 52
53 3 52
3 55 470
55 3 470
3 57 210
57 3 210
3 60 68
60 3 68
3 62 153
62 3 153
3 63 430
63 3 430
3 64 541
64 3 541
3 65 244
65 3 244
3 66 139
66 3 139
3 67 72
67 3 72
3 68 406
68 3 406
3 69 471
69 3 471
3 72 60
72 3 60
3 76 574
76 3 574
3 79 296
79 3 296
3 80 68
80 3 68
3 83 497
83 3 497
3 84 376
84 3 376
3 87 509
87 3 509
3 88 205
88 3 205
3 89 334
89 3 334
3 91 447
91 3 447
3 95 252
95 3 252
3 97 182
97 3 182
3 98 293
98 3 293
3 107 156
107 3 156
3 108 310
108 3 310
3 110 529
110 3 529
3 113 240
113 3 240
3 115 195
115 3 195
3 118 236
118 3 236
3 120 475
120 3 475
3 121 351
121 3 351
3 122 168
122 3 168
3 124 473
124 3 473
3 126 366
126 3 366
3 127 259
127 3 259
3 130 241
130 3 241
3 131 146
131 3 146
3 134 483
134 3 483
3 136 91
136 3 91
3 137 428
137 3 428
3 138 513
138 3 513
3 140 206
140 3 206
3 141 103
141 3 103
3 143 548
143 3 548
3 144 304
144 3 304
3 146 374
146 3 374
3 147 163
147 3 163
3 148 370
148 3 370
3 150 29
150 3 29
3 151 199
151 3 199
3 152 307
152 3 307
3 153 312
153 3 312
3 154 347
154 3 347
3 155 446
155 3 446
3 156 280
156 3 280
3 159 439
159 3 439
3 160 436
160 3 436
3 161 144
161 3 144
3 163 190
163 3 190
3 164 317
164 3 317
3 165 76
165 3 76
3 166 126
166 3 126
3 170 165
170 3 165
3 172 82
172 3 82
3 173 169
173 3 169
3 174 193
174 3 193
3 175 338
175 3 338
3 176 354
176 3 354
3 177 214
177 3 214
3 178 313
178 3 313
3 179 400
179 3 400
3 180 452
180 3 452
3 181 323
181 3 323
3 182 477
182 3 477
3 190 196
190 3 196
3 197 322
197 3 322
3 198 61
198 3 61
3 200 223
200 3 223
3 201 286
201 3 286
3 202 312
202 3 312
3 203 395
203 3 395
3 204 351
204 3 351
3 205 313
205 3 313
3 206 507
206 3 507
3 207 439
207 3 439
3 208 469
208 3 469
3 209 453
209 3 453
3 211 542
211 3 542
3 214 265
214 3 265
3 215 416
215 3 416
3 218 280
218 3 280
3 219 244
219 3 244
3 220 284
220 3 284
3 221 207
221 3 207
3 223 375
223 3 375
3 225 514
225 3 514
3 227 324
227 3 324
3 228 152
228 3 152
3 233 324
233 3 324
3 235 478
235 3 478
3 237 422
237 3 422
3 242 417
242 3 417
3 243 421
243 3 421
3 244 355
244 3 355
3 245 342
245 3 342
3 246 128
246 3 128
3 247 441
247 3 441
3 248 259
248 3 259
3 250 235
250 3 235
3 254 318
254 3 318
3 255 468
255 3 468
3 257 305
257 3 305
3 259 317
259 3 317
3 260 164
260 3 164
3 262 368
262 3 368
3 264 427
264 3 427
3 266 125
266 3 125
3 267 250
267 3 250
3 270 72
270 3 72
3 272 326
272 3 326
3 273 398
273 3 398
3 276 200
276 3 200
3 277 445
277 3 445
3 278 352
278 3 352
3 280 165
280 3 165
3 282 345
282 3 345
3 283 436
283 3 436
3 284 307
284 3 307
3 289 182
289 3 182
3 293 23
293 3 23
3 297 411
297 3 411
3 300 413
300 3 413
3 304 360
304 3 360
3 305 283
305 3 283
3 306 134
306 3 134
3 309 470
309 3 470
3 310 443
310 3 443
3 312 310
312 3 310
3 313 113
313 3 113
3 317 367
317 3 367
3 320 259
320 3 259
3 321 440
321 3 440
3 322 303
322 3 303
3 326 310
326 3 310
3 329 269
329 3 269
3 330 213
330 3 213
3 333 445
333 3 445
3 334 173
334 3 173
3 336 277
336 3 277
3 338 322
338 3 322
3 342 317
342 3 317
3 347 296
347 3 296
3 348 299
348 3 299
3 352 409
352 3 409
3 355 515
355 3 515
3 358 503
358 3 503
3 366 186
366 3 186
3 368 446
368 3 446
3 370 290
370 3 290
3 373 229
373 3 229
3 376 337
376 3 337
3 377 420
377 3 420
3 379 378
379 3 378
3 381 423
381 3 423
3 382 418
382 3 418
3 384 335
384 3 335
3 385 393
385 3 393
3 386 547
386 3 547
3 387 549
387 3 549
3 388 300
388 3 300
3 389 223
389 3 223
3 392 390
392 3 390
3 393 475
393 3 475
3 396 372
396 3 372
3 397 32
397 3 32
3 398 242
398 3 242
3 399 370
399 3 370
3 400 448
400 3 448
3 401 462
401 3 462
3 402 433
402 3 433
3 403 260
403 3 260
3 406 239
406 3 239
3 408 207
408 3 207
3 410 377
410 3 377
3 417 257
417 3 257
3 418 313
418 3 313
3 420 354
420 3 354
3 422 523
422 3 523
3 423 325
423 3 325
3 424 213
424 3 213
3 426 46
426 3 46
3 429 248
429 3 248
3 431 381
431 3 381
3 433 387
433 3 387
3 434 85
434 3 85
3 436 479
436 3 479
3 438 284
438 3 284
3 441 216
441 3 216
3 442 495
442 3 495
3 443 393
443 3 393
3 444 160
444 3 160
3 445 473
445 3 473
3 446 150
446 3 150
3 449 306
449 3 306
3 451 283
451 3 283
3 453 100
453 3 100
3 456 527
456 3 527
3 457 355
457 3 355
3 458 83
458 3 83
3 462 268
462 3 268
3 465 481
465 3 481
3 466 136
466 3 136
3 469 448
469 3 448
3 472 425
472 3 425
3 477 84
477 3 84
3 478 107
478 3 107
3 482 411
482 3 411
3 485 505
485 3 505
3 490 407
490 3 407
3 493 331
493 3 331
3 494 311
494 3 311
3 496 418
496 3 418
3 497 236
497 3 236
3 498 403
498 3 403
3 499 378
499 3 378
4 5 409
5 4 409
4 9 137
9 4 137
4 10 366
10 4 366
4 12 188
12 4 188
4 16 466
16 4 466
4 17 106
17 4 106
4 20 300
20 4 300
4 21 191
21 4 191
4 22 416
22 4 416
4 23 408
23 4 408
4 24 229
24 4 229
4 25 524
25 4 524
4 29 471
29 4 471
4 31 298
31 4 298
4 33 422
33 4 422
4 37 146
37 4 146
4 38 582
38 4 582
4 44 159
44 4 159
4 45 30
45 4 30
4 46 364
46 4 364
4 47 601
47 4 601
4 48 514
48 4 514
4 49 424
49 4 424
4 50 372
50 4 372
4 56 393
56 4 393
4 60 175
60 4 175
4 61 445
61 4 445
4 65 333
65 4 333
4 67 34
67 4 34
4 69 472
69 4 472
4 70 177
70 4 177
4 71 224
71 4 224
4 72 57
72 4 57
4 74 446
74 4 446
4 75 43
75 4 43
4 76 629
76 4 629
4 77 300
77 4 300
4 79 368
79 4 368
4 84 377
84 4 377
4 87 574
87 4 574
4 91 410
91 4 410
4 92 51
92 4 51
4 93 186
93 4 186
4 94 335
94 4 335
4 96 314
96 4 314
4 97 160
97 4 160
4 100 380
100 4 380
4 101 29
101 4 29
4 102 421
102 4 421
4 104 229
104 4 229
4 106 374
106 4 374
4 107 263
107 4 263
4 109 388
109 4 388
4 111 484
111 4 484
4 112 264
112 4 264
4 114 417
114 4 417
4 117 547
117 4 547
4 118 342
118 4 342
4 120 510
120 4 510
4 121 410
121 4 410
4 125 420
125 4 420
4 127 345
127 4 345
4 129 92
129 4 92
4 130 335
130 4 335
4 131 127
131 4 127
4 132 87
132 4 87
4 133 342
133 4 342
4 134 514
134 4 514
4 136 102
136 4 102
4 138 580
138 4 580
4 139 468
139 4 468
4 141 185
141 4 185
4 142 211
142 4 211
4 143 596
143 4 596
4 149 365
149 4 365
4 152 410
152 4 410
4 154 452
154 4 452
4 155 513
155 4 513
4 160 413
160 4 413
4 163 171
163 4 171
4 164 399
164 4 399
4 165 183
165 4 183
4 168 327
168 4 327
4 169 267
169 4 267
4 170 184
170 4 184
4 172 163
172 4 163
4 173 131
173 4 131
4 174 255
174 4 255
4 175 429
175 4 429
4 176 316
176 4 316
4 177 320
177 4 320
4 179 450
179 4 450
4 182 517
182 4 517
4 183 171
183 4 171
4 186 382
186 4 382
4 189 534
189 4 534
4 190 184
190 4 184
4 193 52
193 4 52
4 194 203
194 4 203
4 197 414
197 4 414
4 200 270
200 4 270
4 201 356
201 4 356
4 203 360
203 4 360
4 208 439
208 4 439
4 211 588
211 4 588
4 218 351
218 4 351
4 221 304
221 4 304
4 224 432
224 4 432
4 225 557
225 4 557
4 228 91
228 4 91
4 230 112
230 4 112
4 231 444
231 4 444
4 233 410
233 4 410
4 234 403
234 4 403
4 238 466
238 4 466
4 239 463
239 4 463
4 240 386
240 4 386
4 242 385
242 4 385
4 244 334
244 4 334
4 247 500
247 4 500
4 249 513
249 4 513
4 251 434
251 4 434
4 252 453
252 4 453
4 254 420
254 4 420
4 256 176
256 4 176
4 257 339
257 4 339
4 258 115
258 4 115
4 259 328
259 4 328
4 263 264
263 4 264
4 266 175
266 4 175
4 268 357
268 4 357
4 269 197
269 4 197
4 270 36
270 4 36
4 272 427
272 4 427
4 279 448
279 4 448
4 282 446
282 4 446
4 284 363
284 4 363
4 285 566
285 4 566
4 286 337
286 4 337
4 296 332
296 4 332
4 297 411
297 4 411
4 304 337
304 4 337
4 307 320
307 4 320
4 310 407
310 4 407
4 311 385
311 4 385
4 316 320
316 4 320
4 317 361
317 4 361
4 318 288
318 4 288
4 319 211
319 4 211
4 320 335
320 4 335
4 322 401
322 4 401
4 325 441
325 4 441
4 326 321
326 4 321
4 331 185
331 4 185
4 333 466
333 4 466
4 334 241
334 4 241
4 337 478
337 4 478
4 339 173
339 4 173
4 341 523
341 4 523
4 342 423
342 4 423
4 344 326
344 4 326
4 348 388
348 4 388
4 349 216
349 4 216
4 351 577
351 4 577
4 353 36
353 4 36
4 358 538
358 4 538
4 359 225
359 4 225
4 362 453
362 4 453
4 365 425
365 4 425
4 368 492
368 4 492
4 369 100
369 4 100
4 370 392
370 4 392
4 371 487
371 4 487
4 375 174
375 4 174
4 377 505
377 4 505
4 378 171
378 4 171
4 379 387
379 4 387
4 380 330
380 4 330
4 383 366
383 4 366
4 386 599
386 4 599
4 387 604
387 4 604
4 389 327
389 4 327
4 393 537
393 4 537
4 394 317
394 4 317
4 396 418
396 4 418
4 397 121
397 4 121
4 400 462
400 4 462
4 401 488
401 4 488
4 402 508
402 4 508
4 405 112
405 4 112
4 409 441
409 4 441
4 410 475
410 4 475
4 411 414
411 4 414
4 413 122
413 4 122
4 414 390
414 4 390
4 415 417
415 4 417
4 416 392
416 4 392
4 417 359
417 4 359
4 419 265
419 4 265
4 420 368
420 4 368
4 421 381
421 4 381
4 428 557
428 4 557
4 431 427
431 4 427
4 432 415
432 4 415
4 433 445
433 4 445
4 438 366
438 4 366
4 441 289
441 4 289
4 443 464
443 4 464
4 445 515
445 4 515
4 446 224
446 4 224
4 447 293
447 4 293
4 449 407
449 4 407
4 451 359
451 4 359
4 452 377
452 4 377
4 453 72
453 4 72
4 454 161
454 4 161
4 455 221
455 4 221
4 457 461
457 4 461
4 458 183
458 4 183
4 459 463
459 4 463
4 465 454
465 4 454
4 467 487
467 4 487
4 468 98
468 4 98
4 469 482
469 4 482
4 472 433
472 4 433
4 473 445
473 4 445
4 475 380
475 4 380
4 477 191
477 4 191
4 478 170
478 4 170
4 479 423
479 4 423
4 480 449
480 4 449
4 481 358
481 4 358
4 482 426
482 4 426
4 486 175
486 4 175
4 488 516
488 4 516
4 489 321
489 4 321
4 491 393
491 4 393
4 492 161
492 4 161
4 493 352
493 4 352
4 495 440
495 4 440
4 496 480
496 4 480
4 497 311
497 4 311
4 498 472
498 4 472
4 499 407
499 4 407
5 7 430
7 5 430
5 11 197
11 5 197
5 12 252
12 5 252
5 13 227
13 5 227
5 14 250
14 5 250
5 18 158
18 5 158
5 19 301
19 5 301
5 23 91
23 5 91
5 24 228
24 5 228
5 25 158
25 5 158
5 26 119
26 5 119
5 28 97
28 5 97
5 29 220
29 5 220
5 31 197
31 5 197
5 32 91
32 5 91
5 33 339
33 5 339
5 39 211
39 5 211
5 42 201
42 5 201
5 43 348
43 5 348
5 46 194
46 5 194
5 47 199
47 5 199
5 48 107
48 5 107
5 49 246
49 5 246
5 51 67
51 5 67
5 55 209
55 5 209
5 57 195
57 5 195
5 59 171
59 5 171
5 61 44
61 5 44
5 63 86
63 5 86
5 66 248
66 5 248
5 67 386
67 5 386
5 68 108
68 5 108
5 69 275
69 5 275
5 72 356
72 5 356
5 74 59
74 5 59
5 76 229
76 5 229
5 79 57
79 5 57
5 80 296
80 5 296
5 81 135
81 5 135
5 83 151
83 5 151
5 84 229
84 5 229
5 85 209
85 5 209
5 86 210
86 5 210
5 88 152
88 5 152
5 89 341
89 5 341
5 91 385
91 5 385
5 92 362
92 5 362
5 95 249
95 5 249
5 98 108
98 5 108
5 99 169
99 5 169
5 100 107
100 5 107
5 104 183
104 5 183
5 105 138
105 5 138
5 108 340
108 5 340
5 111 179
111 5 179
5 113 254
113 5 254
5 118 267
118 5 267
5 120 170
120 5 170
5 123 266
123 5 266
5 125 11
125 5 11
5 127 123
127 5 123
5 128 287
128 5 287
5 129 334
129 5 334
5 130 164
130 5 164
5 131 304
131 5 304
5 132 394
132 5 394
5 133 117
133 5 117
5 138 171
138 5 171
5 139 301
139 5 301
5 140 161
140 5 161
5 142 282
142 5 282
5 146 142
146 5 142
5 147 313
147 5 313
5 148 37
148 5 37
5 151 169
151 5 169
5 153 248
153 5 248
5 154 270
154 5 270
5 161 344
161 5 344
5 162 51
162 5 51
5 163 286
163 5 286
5 164 90
164 5 90
5 165 314
165 5 314
5 166 265
166 5 265
5 167 106
167 5 106
5 168 114
168 5 114
5 171 94
171 5 94
5 172 263
172 5 263
5 176 342
176 5 342
5 178 77
178 5 77
5 180 349
180 5 349
5 185 144
185 5 144
5 187 169
187 5 169
5 189 132
189 5 132
5 196 167
196 5 167
5 199 189
199 5 189
5 200 142
200 5 142
5 201 62
201 5 62
5 205 107
205 5 107
5 206 179
206 5 179
5 208 374
208 5 374
5 209 148
209 5 148
5 211 206
211 5 206
5 212 115
212 5 115
5 214 142
214 5 142
5 217 389
217 5 389
5 219 190
219 5 190
5 223 81
223 5 81
5 224 23
224 5 23
5 225 187
225 5 187
5 226 137
226 5 137
5 229 58
229 5 58
5 230 369
230 5 369
5 233 111
233 5 111
5 236 173
236 5 173
5 241 369
241 5 369
5 242 353
242 5 353
5 245 251
245 5 251
5 250 129
250 5 129
5 251 29
251 5 29
5 252 251
252 5 251
5 253 231
253 5 231
5 254 228
254 5 228
5 256 291
256 5 291
5 259 188
259 5 188
5 260 206
260 5 206
5 261 261
261 5 261
5 263 277
263 5 277
5 267 274
267 5 274
5 268 258
268 5 258
5 272 225
272 5 225
5 273 110
273 5 110
5 275 244
275 5 244
5 276 359
276 5 359
5 277 165
277 5 165
5 278 226
278 5 226
5 279 277
279 5 277
5 281 271
281 5 271
5 285 158
285 5 158
5 286 218
286 5 218
5 287 83
287 5 83
5 289 228
289 5 228
5 290 351
290 5 351
5 291 150
291 5 150
5 292 330
292 5 330
5 295 351
295 5 351
5 296 206
296 5 206
5 297 245
297 5 245
5 298 294
298 5 294
5 299 18
299 5 18
5 302 311
302 5 311
5 303 225
303 5 225
5 305 138
305 5 138
5 306 291
306 5 291
5 307 92
307 5 92
5 309 130
309 5 130
5 312 274
312 5 274
5 313 234
313 5 234
5 315 258
315 5 258
5 316 323
316 5 323
5 317 250
317 5 250
5 319 301
319 5 301
5 321 235
321 5 235
5 322 185
322 5 185
5 325 105
325 5 105
5 326 189
326 5 189
5 327 380
327 5 380
5 328 58
328 5 58
5 331 224
331 5 224
5 333 196
333 5 196
5 334 172
334 5 172
5 335 42
335 5 42
5 336 69
336 5 69
5 338 79
338 5 79
5 340 179
340 5 179
5 347 347
347 5 347
5 348 126
348 5 126
5 350 285
350 5 285
5 352 191
352 5 191
5 359 299
359 5 299
5 362 128
362 5 128
5 364 75
364 5 75
5 365 290
365 5 290
5 371 173
371 5 173
5 375 310
375 5 310
5 376 191
376 5 191
5 378 251
378 5 251
5 379 206
379 5 206
5 381 78
381 5 78
5 382 179
382 5 179
5 383 200
383 5 200
5 384 247
384 5 247
5 385 340
385 5 340
5 386 206
386 5 206
5 388 153
388 5 153
5 389 238
389 5 238
5 392 229
392 5 229
5 393 128
393 5 128
5 394 114
394 5 114
5 399 89
399 5 89
5 401 188
401 5 188
5 402 108
402 5 108
5 405 305
405 5 305
5 407 391
407 5 391
5 410 207
410 5 207
5 414 297
414 5 297
5 415 81
415 5 81
5 416 253
416 5 253
5 418 285
418 5 285
5 419 207
419 5 207
5 421 177
421 5 177
5 422 177
422 5 177
5 427 347
427 5 347
5 432 15
432 5 15
5 436 229
436 5 229
5 438 98
438 5 98
5 439 148
439 5 148
5 444 241
444 5 241
5 445 155
445 5 155
5 447 200
447 5 200
5 448 271
448 5 271
5 449 214
449 5 214
5 452 81
452 5 81
5 453 340
453 5 340
5 455 207
455 5 207
5 456 198
456 5 198
5 457 301
457 5 301
5 459 318
459 5 318
5 460 169
460 5 169
5 462 293
462 5 293
5 465 372
465 5 372
5 466 430
466 5 430
5 467 226
467 5 226
5 470 291
470 5 291
5 472 226
472 5 226
5 473 163
473 5 163
5 477 307
477 5 307
5 478 243
478 5 243
5 479 267
479 5 267
5 480 96
480 5 96
5 482 194
482 5 194
5 487 218
487 5 218
5 489 91
489 5 91
5 491 278
491 5 278
5 492 256
492 5 256
5 493 158
493 5 158
5 494 183
494 5 183
5 495 33
495 5 33
5 497 114
497 5 114
5 498 67
498 5 67
6 7 243
7 6 243
6 8 242
8 6 242
6 9 118
9 6 118
6 10 248
10 6 248
6 11 211
11 6 211
6 13 178
13 6 178
6 14 92
14 6 92
6 16 289
16 6 289
6 17 122
17 6 122
6 18 117
18 6 117
6 19 254
19 6 254
6 20 79
20 6 79
6 23 181
23 6 181
6 25 297
25 6 297
6 30 294
30 6 294
6 31 92
31 6 92
6 32 221
32 6 221
6 33 267
33 6 267
6 34 179
34 6 179
6 37 91
37 6 91
6 40 254
40 6 254
6 41 234
41 6 234
6 43 191
43 6 191
6 46 155
46 6 155
6 51 220
51 6 220
6 56 292
56 6 292
6 58 254
58 6 254
6 59 364
59 6 364
6 61 225
61 6 225
6 62 95
62 6 95
6 63 282
63 6 282
6 65 189
65 6 189
6 68 220
68 6 220
6 69 274
69 6 274
6 72 183
72 6 183
6 73 99
73 6 99
6 75 184
75 6 184
6 76 404
76 6 404
6 79 173
79 6 173
6 83 341
83 6 341
6 85 13
85 6 13
6 86 320
86 6 320
6 87 357
87 6 357
6 90 93
90 6 93
6 91 285
91 6 285
6 92 176
92 6 176
6 93 125
93 6 125
6 95 84
95 6 84
6 96 205
96 6 205
6 98 211
98 6 211
6 99 314
99 6 314
6 102 197
102 6 197
6 106 226
106 6 226
6 107 242
107 6 242
6 109 188
109 6 188
6 110 352
110 6 352
6 112 209
112 6 209
6 115 49
115 6 49
6 118 280
118 6 280
6 121 192
121 6 192
6 122 223
122 6 223
6 123 69
123 6 69
6 124 339
124 6 339
6 125 208
125 6 208
6 127 187
127 6 187
6 128 100
128 6 100
6 129 141
129 6 141
6 130 204
130 6 204
6 131 109
131 6 109
6 134 289
134 6 289
6 135 269
135 6 269
6 139 281
139 6 281
6 140 160
140 6 160
6 141 125
141 6 125
6 142 99
142 6 99
6 145 216
145 6 216
6 148 206
148 6 206
6 156 97
156 6 97
6 159 312
159 6 312
6 161 148
161 6 148
6 164 222
164 6 222
6 168 159
168 6 159
6 169 64
169 6 64
6 171 290
171 6 290
6 173 128
173 6 128
6 176 205
176 6 205
6 180 275
180 6 275
6 181 176
181 6 176
6 182 290
182 6 290
6 185 341
185 6 341
6 191 188
191 6 188
6 193 214
193 6 214
6 198 208
198 6 208
6 200 57
200 6 57
6 203 235
203 6 235
6 204 211
204 6 211
6 206 324
206 6 324
6 212 301
212 6 301
6 213 280
213 6 280
6 214 71
214 6 71
6 216 99
216 6 99
6 221 197
221 6 197
6 223 193
223 6 193
6 224 220
224 6 220
6 225 330
225 6 330
6 227 125
227 6 125
6 230 171
230 6 171
6 231 296
231 6 296
6 238 247
238 6 247
6 239 247
239 6 247
6 240 261
240 6 261
6 243 253
243 6 253
6 244 182
244 6 182
6 245 338
245 6 338
6 249 314
249 6 314
6 250 69
250 6 69
6 253 275
253 6 275
6 254 308
254 6 308
6 258 160
258 6 160
6 259 119
259 6 119
6 265 70
265 6 70
6 267 293
267 6 293
6 268 178
268 6 178
6 272 312
272 6 312
6 273 209
273 6 209
6 274 61
274 6 61
6 278 157
278 6 157
6 280 79
280 6 79
6 283 270
283 6 270
6 285 346
285 6 346
6 288 245
288 6 245
6 290 264
290 6 264
6 291 217
291 6 217
6 292 192
292 6 192
6 293 180
293 6 180
6 298 153
298 6 153
6 299 193
299 6 193
6 300 317
300 6 317
6 301 157
301 6 157
6 302 178
302 6 178
6 304 188
304 6 188
6 307 126
307 6 126
6 308 128
308 6 128
6 312 332
312 6 332
6 313 103
313 6 103
6 315 79
315 6 79
6 316 193
316 6 193
6 317 177
317 6 177
6 318 206
318 6 206
6 320 154
320 6 154
6 321 241
321 6 241
6 327 289
327 6 289
6 331 73
331 6 73
6 332 156
332 6 156
6 333 246
333 6 246
6 335 239
335 6 239
6 336 146
336 6 146
6 339 170
339 6 170
6 340 356
340 6 356
6 341 297
341 6 297
6 345 308
345 6 308
6 346 158
346 6 158
6 353 259
353 6 259
6 354 20
354 6 20
6 358 312
358 6 312
6 362 226
362 6 226
6 364 125
364 6 125
6 367 199
367 6 199
6 369 193
369 6 193
6 370 284
370 6 284
6 372 278
372 6 278
6 374 305
374 6 305
6 378 56
378 6 56
6 379 180
379 6 180
6 383 254
383 6 254
6 384 331
384 6 331
6 385 230
385 6 230
6 389 249
389 6 249
6 390 186
390 6 186
6 393 318
393 6 318
6 394 91
394 6 91
6 395 183
395 6 183
6 396 192
396 6 192
6 407 207
407 6 207
6 409 328
409 6 328
6 412 368
412 6 368
6 413 183
413 6 183
6 414 223
414 6 223
6 415 191
415 6 191
6 418 148
418 6 148
6 419 173
419 6 173
6 424 170
424 6 170
6 425 176
425 6 176
6 426 155
426 6 155
6 427 202
427 6 202
6 428 330
428 6 330
6 431 201
431 6 201
6 432 199
432 6 199
6 437 135
437 6 135
6 438 194
438 6 194
6 443 259
443 6 259
6 446 101
446 6 101
6 448 160
448 6 160
6 455 118
455 6 118
6 458 170
458 6 170
6 459 284
459 6 284
6 463 257
463 6 257
6 469 256
469 6 256
6 470 200
470 6 200
6 473 292
473 6 292
6 474 79
474 6 79
6 477 209
477 6 209
6 478 99
478 6 99
6 479 332
479 6 332
6 480 222
480 6 222
6 483 276
483 6 276
6 485 360
485 6 360
6 486 164
486 6 164
6 487 68
487 6 68
6 488 290
488 6 290
6 490 217
490 6 217
6 491 320
491 6 320
6 492 65
492 6 65
6 494 113
494 6 113
6 497 136
497 6 136
6 498 264
498 6 264
7 9 144
9 7 144
7 10 393
10 7 393
7 11 343
11 7 343
7 12 201
12 7 201
7 13 277
13 7 277
7 14 261
14 7 261
7 15 265
15 7 265
7 20 314
20 7 314
7 22 435
22 7 435
7 24 241
24 7 241
7 27 444
27 7 444
7 30 478
30 7 478
7 31 309
31 7 309
7 32 422
32 7 422
7 34 395
34 7 395
7 37 167
37 7 167
7 41 378
41 7 378
7 42 254
42 7 254
7 44 185
44 7 185
7 45 54
45 7 54
7 46 374
46 7 374
7 52 264
52 7 264
7 54 306
54 7 306
7 56 420
56 7 420
7 57 250
57 7 250
7 59 601
59 7 601
7 60 202
60 7 202
7 61 464
61 7 464
7 63 517
63 7 517
7 64 614
64 7 614
7 66 267
66 7 267
7 68 464
68 7 464
7 69 479
69 7 479
7 70 204
70 7 204
7 73 343
73 7 343
7 74 469
74 7 469
7 80 141
80 7 141
7 81 565
81 7 565
7 82 413
82 7 413
7 85 230
85 7 230
7 87 595
87 7 595
7 88 313
88 7 313
7 89 293
89 7 293
7 92 68
92 7 68
7 99 499
99 7 499
7 100 404
100 7 404
7 101 47
101 7 47
7 103 620
103 7 620
7 104 248
104 7 248
7 106 399
106 7 399
7 108 266
108 7 266
7 109 396
109 7 396
7 110 595
110 7 595
7 112 291
112 7 291
7 115 265
115 7 265
7 116 419
116 7 419
7 118 369
118 7 369
7 121 430
121 7 430
7 122 300
122 7 300
7 125 441
125 7 441
7 126 475
126 7 475
7 129 103
129 7 103
7 131 138
131 7 138
7 133 367
133 7 367
7 134 528
134 7 528
7 135 404
135 7 404
7 138 601
138 7 601
7 139 473
139 7 473
7 141 210
141 7 210
7 143 612
143 7 612
7 145 378
145 7 378
7 146 416
146 7 416
7 148 445
148 7 445
7 150 162
150 7 162
7 153 442
153 7 442
7 154 479
154 7 479
7 157 329
157 7 329
7 159 537
159 7 537
7 161 103
161 7 103
7 162 399
162 7 399
7 165 210
165 7 210
7 167 452
167 7 452
7 171 517
171 7 517
7 172 189
172 7 189
7 174 277
174 7 277
7 175 455
175 7 455
7 176 315
176 7 315
7 177 347
177 7 347
7 179 468
179 7 468
7 181 289
181 7 289
7 183 176
183 7 176
7 184 511
184 7 511
7 187 327
187 7 327
7 188 469
188 7 469
7 191 100
191 7 100
7 193 78
193 7 78
7 194 222
194 7 222
7 195 172
195 7 172
7 196 343
196 7 343
7 197 440
197 7 440
7 203 359
203 7 359
7 204 440
204 7 440
7 209 506
209 7 506
7 210 461
210 7 461
7 213 350
213 7 350
7 215 407
215 7 407
7 216 303
216 7 303
7 218 373
218 7 373
7 220 340
220 7 340
7 222 474
222 7 474
7 223 437
223 7 437
7 224 453
224 7 453
7 225 573
225 7 573
7 226 486
226 7 486
7 229 488
229 7 488
7 234 406
234 7 406
7 237 466
237 7 466
7 238 478
238 7 478
7 247 519
247 7 519
7 250 303
250 7 303
7 251 455
251 7 455
7 254 446
254 7 446
7 257 355
257 7 355
7 258 141
258 7 141
7 259 340
259 7 340
7 265 279
265 7 279
7 267 383
267 7 383
7 268 363
268 7 363
7 269 213
269 7 213
7 272 454
272 7 454
7 273 452
273 7 452
7 275 413
275 7 413
7 289 213
289 7 213
7 290 409
290 7 409
7 291 456
291 7 456
7 295 354
295 7 354
7 296 359
296 7 359
7 301 385
301 7 385
7 303 268
303 7 268
7 304 339
304 7 339
7 307 342
307 7 342
7 309 560
309 7 560
7 310 405
310 7 405
7 311 403
311 7 403
7 312 443
312 7 443
7 314 353
314 7 353
7 315 172
315 7 172
7 318 315
318 7 315
7 319 214
319 7 214
7 321 457
321 7 457
7 324 447
324 7 447
7 327 421
327 7 421
7 331 207
331 7 207
7 333 477
333 7 477
7 334 264
334 7 264
7 338 425
338 7 425
7 340 599
340 7 599
7 341 540
341 7 540
7 346 394
346 7 394
7 349 242
349 7 242
7 355 604
355 7 604
