53 83
124848
0 1 371
1 0 371
0 4 200
4 0 200
0 5 419
5 0 419
0 6 138
6 0 138
0 9 104
9 0 104
0 13 78
13 0 78
0 14 397
14 0 397
0 15 211
15 0 211
0 17 405
17 0 405
0 21 172
21 0 172
0 22 215
22 0 215
0 23 404
23 0 404
0 24 208
24 0 208
0 25 419
25 0 419
0 27 228
27 0 228
0 29 119
29 0 119
0 30 79
30 0 79
0 31 67
31 0 67
0 35 287
35 0 287
0 36 218
36 0 218
0 37 364
37 0 364
0 40 279
40 0 279
0 44 309
44 0 309
0 45 129
45 0 129
0 46 465
46 0 465
0 48 201
48 0 201
0 50 213
50 0 213
0 57 322
57 0 322
0 61 502
61 0 502
0 62 343
62 0 343
0 64 28
64 0 28
0 67 399
67 0 399
0 68 437
68 0 437
0 69 225
69 0 225
0 70 410
70 0 410
0 73 325
73 0 325
0 74 226
74 0 226
0 76 147
76 0 147
0 77 559
77 0 559
0 80 365
80 0 365
0 83 308
83 0 308
0 84 284
84 0 284
0 86 231
86 0 231
0 87 348
87 0 348
0 89 260
89 0 260
0 90 395
90 0 395
0 93 313
93 0 313
0 95 377
95 0 377
0 97 243
97 0 243
0 99 271
99 0 271
0 100 455
100 0 455
0 101 401
101 0 401
0 102 411
102 0 411
0 103 249
103 0 249
0 104 403
104 0 403
0 108 527
108 0 527
0 109 540
109 0 540
0 113 214
113 0 214
0 114 362
114 0 362
0 117 460
117 0 460
0 118 175
118 0 175
0 119 105
119 0 105
0 122 217
122 0 217
0 123 407
123 0 407
0 124 357
124 0 357
0 125 272
125 0 272
0 128 385
128 0 385
0 129 182
129 0 182
0 130 247
130 0 247
0 131 109
131 0 109
0 135 279
135 0 279
0 136 233
136 0 233
0 138 338
138 0 338
0 139 396
139 0 396
0 140 407
140 0 407
0 143 373
143 0 373
0 144 174
144 0 174
0 146 96
146 0 96
0 158 251
158 0 251
0 159 42
159 0 42
0 162 421
162 0 421
0 167 263
167 0 263
0 168 412
168 0 412
0 174 353
174 0 353
0 178 116
178 0 116
0 179 114
179 0 114
0 183 278
183 0 278
0 185 196
185 0 196
0 186 283
186 0 283
0 187 187
187 0 187
0 188 2
188 0 2
0 189 328
189 0 328
0 195 148
195 0 148
0 199 272
199 0 272
0 200 170
200 0 170
0 202 316
202 0 316
0 203 507
203 0 507
0 204 255
204 0 255
0 207 188
207 0 188
0 208 146
208 0 146
0 209 358
209 0 358
0 212 443
212 0 443
0 213 311
213 0 311
0 216 423
216 0 423
0 217 255
217 0 255
0 218 286
218 0 286
0 220 175
220 0 175
0 221 283
221 0 283
0 222 341
222 0 341
0 225 200
225 0 200
0 227 349
227 0 349
0 236 407
236 0 407
0 240 491
240 0 491
0 241 296
241 0 296
0 242 321
242 0 321
0 246 176
246 0 176
0 249 444
249 0 444
0 250 142
250 0 142
0 251 365
251 0 365
0 252 335
252 0 335
0 253 379
253 0 379
0 256 280
256 0 280
0 259 295
259 0 295
0 261 249
261 0 249
0 262 89
262 0 89
0 263 438
263 0 438
0 264 418
264 0 418
0 266 48
266 0 48
0 271 289
271 0 289
0 276 485
276 0 485
0 277 213
277 0 213
0 281 170
281 0 170
0 284 85
284 0 85
0 293 263
293 0 263
0 295 366
295 0 366
0 298 459
298 0 459
0 304 163
304 0 163
0 306 47
306 0 47
0 307 467
307 0 467
0 308 194
308 0 194
0 309 292
309 0 292
0 311 181
311 0 181
0 314 376
314 0 376
0 317 254
317 0 254
0 323 207
323 0 207
0 324 271
324 0 271
0 327 154
327 0 154
0 328 240
328 0 240
0 331 320
331 0 320
0 333 389
333 0 389
0 335 323
335 0 323
0 342 257
342 0 257
0 344 386
344 0 386
0 349 342
349 0 342
0 350 462
350 0 462
0 351 123
351 0 123
0 352 304
352 0 304
0 353 372
353 0 372
0 354 328
354 0 328
0 355 301
355 0 301
0 360 440
360 0 440
0 362 264
362 0 264
0 368 99
368 0 99
0 369 406
369 0 406
0 370 333
370 0 333
0 372 140
372 0 140
0 373 160
373 0 160
0 376 107
376 0 107
0 381 488
381 0 488
0 382 294
382 0 294
0 383 535
383 0 535
0 384 82
384 0 82
0 385 41
385 0 41
0 386 115
386 0 115
0 387 221
387 0 221
0 390 394
390 0 394
0 391 236
391 0 236
0 392 293
392 0 293
0 393 182
393 0 182
0 399 237
399 0 237
0 400 201
400 0 201
0 402 191
402 0 191
0 404 433
404 0 433
0 405 91
405 0 91
0 407 442
407 0 442
0 409 506
409 0 506
0 410 535
410 0 535
0 413 408
413 0 408
0 414 161
414 0 161
0 416 265
416 0 265
0 417 285
417 0 285
0 420 345
420 0 345
0 421 166
421 0 166
0 422 135
422 0 135
0 425 210
425 0 210
0 428 63
428 0 63
0 429 383
429 0 383
0 431 77
431 0 77
0 433 444
433 0 444
0 435 93
435 0 93
0 436 373
436 0 373
0 438 217
438 0 217
0 440 376
440 0 376
0 441 399
441 0 399
0 443 260
443 0 260
0 444 390
444 0 390
0 446 336
446 0 336
0 447 403
447 0 403
0 448 292
448 0 292
0 449 228
449 0 228
0 450 390
450 0 390
0 452 49
452 0 49
0 453 182
453 0 182
0 454 406
454 0 406
0 456 69
456 0 69
0 458 343
458 0 343
0 459 239
459 0 239
0 460 265
460 0 265
0 464 320
464 0 320
0 465 458
465 0 458
0 466 279
466 0 279
0 467 187
467 0 187
0 468 469
468 0 469
0 470 348
470 0 348
0 471 104
471 0 104
0 472 373
472 0 373
0 475 218
475 0 218
0 476 300
476 0 300
0 480 166
480 0 166
0 481 348
481 0 348
0 483 318
483 0 318
0 484 465
484 0 465
0 485 449
485 0 449
0 488 210
488 0 210
0 492 211
492 0 211
0 494 361
494 0 361
0 495 267
495 0 267
0 496 446
496 0 446
1 2 264
2 1 264
1 4 246
4 1 246
1 5 98
5 1 98
1 6 232
6 1 232
1 8 218
8 1 218
1 9 307
9 1 307
1 11 170
11 1 170
1 12 266
12 1 266
1 13 367
13 1 367
1 14 231
14 1 231
1 15 162
15 1 162
1 17 108
17 1 108
1 20 260
20 1 260
1 21 359
21 1 359
1 22 180
22 1 180
1 23 128
23 1 128
1 24 261
24 1 261
1 27 319
27 1 319
1 28 351
28 1 351
1 29 252
29 1 252
1 30 353
30 1 353
1 34 240
34 1 240
1 35 191
35 1 191
1 37 256
37 1 256
1 38 198
38 1 198
1 40 346
40 1 346
1 41 268
41 1 268
1 43 202
43 1 202
1 44 210
44 1 210
1 47 394
47 1 394
1 48 339
48 1 339
1 50 220
50 1 220
1 52 186
52 1 186
1 53 218
53 1 218
1 54 276
54 1 276
1 56 87
56 1 87
1 58 389
58 1 389
1 59 222
59 1 222
1 61 139
61 1 139
1 64 400
64 1 400
1 65 309
65 1 309
1 67 36
67 1 36
1 68 323
68 1 323
1 70 223
70 1 223
1 71 277
71 1 277
1 74 170
74 1 170
1 78 102
78 1 102
1 79 73
79 1 73
1 80 63
80 1 63
1 82 292
82 1 292
1 85 397
85 1 397
1 89 237
89 1 237
1 90 106
90 1 106
1 91 173
91 1 173
1 92 127
92 1 127
1 93 95
93 1 95
1 94 229
94 1 229
1 95 172
95 1 172
1 100 272
100 1 272
1 102 181
102 1 181
1 103 331
103 1 331
1 105 131
105 1 131
1 106 114
106 1 114
1 108 158
108 1 158
1 110 232
110 1 232
1 111 185
111 1 185
1 113 344
113 1 344
1 115 185
115 1 185
1 117 118
117 1 118
1 119 270
119 1 270
1 122 345
122 1 345
1 126 265
126 1 265
1 127 220
127 1 220
1 128 221
128 1 221
1 132 200
132 1 200
1 133 257
133 1 257
1 134 300
134 1 300
1 137 363
137 1 363
1 139 344
139 1 344
1 140 107
140 1 107
1 142 130
142 1 130
1 144 244
144 1 244
1 146 417
146 1 417
1 147 345
147 1 345
1 148 261
148 1 261
1 151 275
151 1 275
1 153 265
153 1 265
1 155 318
155 1 318
1 159 340
159 1 340
1 160 184
160 1 184
1 161 183
161 1 183
1 162 51
162 1 51
1 164 244
164 1 244
1 165 285
165 1 285
1 170 346
170 1 346
1 172 295
172 1 295
1 174 38
174 1 38
1 175 289
175 1 289
1 176 42
176 1 42
1 178 364
178 1 364
1 179 257
179 1 257
1 181 255
181 1 255
1 184 324
184 1 324
1 185 211
185 1 211
1 190 272
190 1 272
1 191 35
191 1 35
1 192 218
192 1 218
1 194 189
194 1 189
1 195 315
195 1 315
1 198 40
198 1 40
1 203 136
203 1 136
1 206 238
206 1 238
1 207 213
207 1 213
1 209 141
209 1 141
1 210 281
210 1 281
1 211 215
211 1 215
1 212 130
212 1 130
1 214 179
214 1 179
1 215 140
215 1 140
1 217 124
217 1 124
1 219 279
219 1 279
1 221 325
221 1 325
1 223 156
223 1 156
1 225 231
225 1 231
1 228 209
228 1 209
1 232 196
232 1 196
1 233 415
233 1 415
1 234 263
234 1 263
1 236 38
236 1 38
1 238 158
238 1 158
1 240 138
240 1 138
1 242 99
242 1 99
1 244 295
244 1 295
1 245 297
245 1 297
1 247 310
247 1 310
1 248 182
248 1 182
1 249 286
249 1 286
1 252 138
252 1 138
1 253 71
253 1 71
1 257 348
257 1 348
1 258 299
258 1 299
1 259 219
259 1 219
1 260 105
260 1 105
1 262 432
262 1 432
1 265 301
265 1 301
1 269 122
269 1 122
1 270 239
270 1 239
1 271 201
271 1 201
1 272 332
272 1 332
1 274 286
274 1 286
1 277 169
277 1 169
1 278 241
278 1 241
1 281 298
281 1 298
1 285 121
285 1 121
1 287 185
287 1 185
1 288 78
288 1 78
1 292 203
292 1 203
1 293 310
293 1 310
1 294 334
294 1 334
1 299 152
299 1 152
1 301 268
301 1 268
1 303 149
303 1 149
1 306 417
306 1 417
1 307 133
307 1 133
1 308 240
308 1 240
1 309 186
309 1 186
1 310 268
310 1 268
1 312 189
312 1 189
1 313 233
313 1 233
1 316 141
316 1 141
1 317 260
317 1 260
1 318 313
318 1 313
1 319 43
319 1 43
1 320 134
320 1 134
1 322 270
322 1 270
1 325 478
325 1 478
1 327 234
327 1 234
1 331 58
331 1 58
1 333 136
333 1 136
1 334 368
334 1 368
1 336 396
336 1 396
1 337 347
337 1 347
1 340 309
340 1 309
1 342 192
342 1 192
1 343 70
343 1 70
1 344 63
344 1 63
1 350 91
350 1 91
1 351 442
351 1 442
1 352 283
352 1 283
1 353 281
353 1 281
1 354 298
354 1 298
1 356 170
356 1 170
1 357 323
357 1 323
1 361 326
361 1 326
1 362 286
362 1 286
1 363 346
363 1 346
1 364 135
364 1 135
1 368 336
368 1 336
1 369 338
369 1 338
1 370 39
370 1 39
1 375 334
375 1 334
1 381 118
381 1 118
1 382 309
382 1 309
1 384 355
384 1 355
1 385 386
385 1 386
1 387 272
387 1 272
1 388 339
388 1 339
1 390 33
390 1 33
1 393 366
393 1 366
1 395 232
395 1 232
1 397 283
397 1 283
1 398 227
398 1 227
1 400 204
400 1 204
1 401 265
401 1 265
1 402 197
402 1 197
1 406 66
406 1 66
1 407 322
407 1 322
1 412 57
412 1 57
1 414 333
414 1 333
1 415 205
415 1 205
1 416 245
416 1 245
1 417 113
417 1 113
1 422 479
422 1 479
1 429 260
429 1 260
1 430 180
430 1 180
1 431 298
431 1 298
1 433 80
433 1 80
1 435 278
435 1 278
1 436 195
436 1 195
1 437 209
437 1 209
1 440 43
440 1 43
1 443 328
443 1 328
1 444 278
444 1 278
1 445 47
445 1 47
1 446 150
446 1 150
1 447 172
447 1 172
1 448 318
448 1 318
1 449 294
449 1 294
1 454 68
454 1 68
1 455 83
455 1 83
1 457 317
457 1 317
1 459 141
459 1 141
1 462 334
462 1 334
1 463 139
463 1 139
1 468 112
468 1 112
1 469 225
469 1 225
1 470 125
470 1 125
1 471 323
471 1 323
1 473 93
473 1 93
1 477 207
477 1 207
1 479 327
479 1 327
1 481 23
481 1 23
1 483 175
483 1 175
1 484 115
484 1 115
1 486 101
486 1 101
1 487 246
487 1 246
1 490 180
490 1 180
1 491 129
491 1 129
1 493 373
493 1 373
2 3 376
3 2 376
2 4 345
4 2 345
2 5 226
5 2 226
2 7 293
7 2 293
2 9 204
9 2 204
2 10 207
10 2 207
2 13 360
13 2 360
2 14 106
14 2 106
2 15 238
15 2 238
2 17 202
17 2 202
2 18 288
18 2 288
2 19 147
19 2 147
2 21 176
21 2 176
2 22 150
22 2 150
2 23 185
23 2 185
2 24 101
24 2 101
2 27 423
27 2 423
2 29 231
29 2 231
2 34 416
34 2 416
2 35 75
35 2 75
2 40 96
40 2 96
2 46 282
46 2 282
2 48 421
48 2 421
2 59 109
59 2 109
2 65 139
65 2 139
2 66 100
66 2 100
2 68 129
68 2 129
2 69 85
69 2 85
2 70 124
70 2 124
2 72 260
72 2 260
2 75 248
75 2 248
2 76 256
76 2 256
2 77 413
77 2 413
2 79 210
79 2 210
2 80 207
80 2 207
2 81 75
81 2 75
2 83 418
83 2 418
2 86 318
86 2 318
2 89 55
89 2 55
2 90 195
90 2 195
2 92 380
92 2 380
2 93 170
93 2 170
2 95 125
95 2 125
2 96 329
96 2 329
2 98 147
98 2 147
2 99 53
99 2 53
2 100 155
100 2 155
2 101 207
101 2 207
2 102 425
102 2 425
2 106 374
106 2 374
2 108 356
108 2 356
2 113 134
113 2 134
2 119 269
119 2 269
2 120 222
120 2 222
2 124 149
124 2 149
2 126 384
126 2 384
2 130 317
130 2 317
2 131 290
131 2 290
2 133 230
133 2 230
2 135 179
135 2 179
2 139 101
139 2 101
2 145 200
145 2 200
2 146 286
146 2 286
2 151 190
151 2 190
2 152 381
152 2 381
2 154 126
154 2 126
2 155 119
155 2 119
2 156 288
156 2 288
2 157 430
157 2 430
2 160 405
160 2 405
2 163 126
163 2 126
2 169 288
169 2 288
2 170 153
170 2 153
2 171 335
171 2 335
2 173 363
173 2 363
2 175 414
175 2 414
2 178 220
178 2 220
2 181 295
181 2 295
2 182 92
182 2 92
2 184 69
184 2 69
2 185 304
185 2 304
2 186 209
186 2 209
2 187 145
187 2 145
2 188 311
188 2 311
2 189 283
189 2 283
2 194 122
194 2 122
2 198 277
198 2 277
2 200 186
200 2 186
2 201 301
201 2 301
2 204 217
204 2 217
2 205 281
205 2 281
2 206 450
206 2 450
2 207 297
207 2 297
2 209 137
209 2 137
2 211 49
211 2 49
2 218 192
218 2 192
2 220 147
220 2 147
2 221 73
221 2 73
2 222 350
222 2 350
2 224 288
224 2 288
2 225 119
225 2 119
2 226 192
226 2 192
2 227 83
227 2 83
2 228 391
228 2 391
2 230 64
230 2 64
2 231 145
231 2 145
2 235 329
235 2 329
2 236 274
236 2 274
2 237 298
237 2 298
2 239 381
239 2 381
2 241 392
241 2 392
2 242 309
242 2 309
2 244 362
244 2 362
2 251 157
251 2 157
2 252 353
252 2 353
2 253 325
253 2 325
2 255 357
255 2 357
2 259 391
259 2 391
2 260 255
260 2 255
2 264 134
264 2 134
2 265 299
265 2 299
2 266 311
266 2 311
2 267 417
267 2 417
2 272 133
272 2 133
2 274 429
274 2 429
2 277 171
277 2 171
2 279 394
279 2 394
2 284 250
284 2 250
2 286 418
286 2 418
2 288 191
288 2 191
2 294 107
294 2 107
2 298 189
298 2 189
2 300 288
300 2 288
2 301 264
301 2 264
2 302 299
302 2 299
2 303 410
303 2 410
2 304 152
304 2 152
2 305 176
305 2 176
2 306 333
306 2 333
2 311 249
311 2 249
2 315 197
315 2 197
2 318 49
318 2 49
2 320 394
320 2 394
2 321 380
321 2 380
2 322 42
322 2 42
2 323 281
323 2 281
2 325 340
325 2 340
2 327 284
327 2 284
2 328 70
328 2 70
2 329 255
329 2 255
2 330 400
330 2 400
2 331 213
331 2 213
2 333 165
333 2 165
2 336 264
336 2 264
2 337 141
337 2 141
2 340 184
340 2 184
2 342 92
342 2 92
2 343 220
343 2 220
2 346 289
346 2 289
2 349 351
349 2 351
2 351 297
351 2 297
2 356 95
356 2 95
2 358 313
358 2 313
2 360 147
360 2 147
2 364 260
364 2 260
2 365 491
365 2 491
2 367 25
367 2 25
2 369 105
369 2 105
2 371 404
371 2 404
2 372 239
372 2 239
2 374 252
374 2 252
2 375 71
375 2 71
2 377 139
377 2 139
2 380 282
380 2 282
2 381 358
381 2 358
2 384 354
384 2 354
2 388 315
388 2 315
2 390 297
390 2 297
2 393 174
393 2 174
2 395 33
395 2 33
2 396 493
396 2 493
2 401 281
401 2 281
2 405 344
405 2 344
2 406 219
406 2 219
2 407 133
407 2 133
2 408 363
408 2 363
2 410 369
410 2 369
2 412 318
412 2 318
2 414 391
414 2 391
2 420 323
420 2 323
2 421 180
421 2 180
2 423 318
423 2 318
2 424 258
424 2 258
2 425 237
425 2 237
2 427 312
427 2 312
2 438 265
438 2 265
2 439 26
439 2 26
2 440 231
440 2 231
2 443 89
443 2 89
2 445 308
445 2 308
2 446 364
446 2 364
2 448 461
448 2 461
2 451 73
451 2 73
2 452 280
452 2 280
2 454 332
454 2 332
2 456 246
456 2 246
2 458 215
458 2 215
2 460 301
460 2 301
2 461 275
461 2 275
2 464 206
464 2 206
2 465 363
465 2 363
2 467 130
467 2 130
2 468 371
468 2 371
2 469 76
469 2 76
2 473 357
473 2 357
2 476 313
476 2 313
2 477 439
477 2 439
2 478 262
478 2 262
2 480 160
480 2 160
2 481 255
481 2 255
2 486 332
486 2 332
2 489 208
489 2 208
2 494 176
494 2 176
2 495 72
495 2 72
2 497 242
497 2 242
2 498 165
498 2 165
2 499 311
499 2 311
3 4 333
4 3 333
3 8 340
8 3 340
3 11 205
11 3 205
3 12 292
12 3 292
3 15 275
15 3 275
3 16 434
16 3 434
3 17 184
17 3 184
3 18 482
18 3 482
3 20 336
20 3 336
3 23 206
23 3 206
3 24 385
24 3 385
3 25 118
25 3 118
3 28 469
28 3 469
3 30 458
30 3 458
3 37 279
37 3 279
3 38 291
38 3 291
3 42 525
42 3 525
3 43 323
43 3 323
3 44 259
44 3 259
3 45 408
45 3 408
3 50 307
50 3 307
3 51 396
51 3 396
3 52 273
52 3 273
3 56 104
56 3 104
3 57 215
57 3 215
3 58 513
58 3 513
3 59 311
59 3 311
3 61 15
61 3 15
3 63 52
63 3 52
3 64 515
64 3 515
3 66 281
66 3 281
3 67 114
67 3 114
3 71 377
71 3 377
3 73 355
73 3 355
3 76 547
76 3 547
3 77 80
77 3 80
3 81 301
81 3 301
3 82 350
82 3 350
3 83 292
83 3 292
3 85 520
85 3 520
3 86 281
86 3 281
3 87 154
87 3 154
3 90 189
90 3 189
3 91 274
91 3 274
3 95 266
95 3 266
3 98 420
98 3 420
3 101 176
101 3 176
3 102 173
102 3 173
3 103 398
103 3 398
3 107 488
107 3 488
3 108 95
108 3 95
3 110 356
110 3 356
3 111 279
111 3 279
3 114 386
114 3 386
3 115 300
115 3 300
3 117 142
117 3 142
3 118 490
118 3 490
3 119 382
119 3 382
3 120 361
120 3 361
3 123 102
123 3 102
3 124 227
124 3 227
3 125 403
125 3 403
3 127 343
127 3 343
3 128 314
128 3 314
3 129 386
129 3 386
3 133 375
133 3 375
3 134 423
134 3 423
3 136 389
136 3 389
3 140 105
140 3 105
3 142 246
142 3 246
3 143 333
143 3 333
3 144 340
144 3 340
3 146 539
146 3 539
3 149 118
149 3 118
3 150 212
150 3 212
3 151 398
151 3 398
3 153 386
153 3 386
3 154 434
154 3 434
3 155 407
155 3 407
3 161 280
161 3 280
3 164 317
164 3 317
3 166 526
166 3 526
3 167 239
167 3 239
3 169 89
169 3 89
3 172 410
172 3 410
3 175 357
175 3 357
3 176 120
176 3 120
3 179 374
179 3 374
3 181 360
181 3 360
3 182 342
182 3 342
3 183 431
183 3 431
3 186 212
186 3 212
3 189 158
189 3 158
3 191 140
191 3 140
3 193 407
193 3 407
3 194 313
194 3 313
3 197 368
197 3 368
3 200 492
200 3 492
3 204 234
204 3 234
3 206 255
206 3 255
3 210 353
210 3 353
3 211 328
211 3 328
3 213 186
213 3 186
3 214 62
214 3 62
3 215 259
215 3 259
3 216 427
216 3 427
3 221 442
221 3 442
3 222 178
222 3 178
3 223 273
223 3 273
3 224 147
224 3 147
3 225 355
225 3 355
3 226 222
226 3 222
3 227 300
227 3 300
3 229 434
229 3 434
3 232 265
232 3 265
3 233 537
233 3 537
3 237 115
237 3 115
3 238 186
238 3 186
3 240 131
240 3 131
3 243 480
243 3 480
3 244 386
244 3 386
3 247 428
247 3 428
3 250 378
250 3 378
3 252 186
252 3 186
3 253 113
253 3 113
3 255 53
255 3 53
3 256 400
256 3 400
3 258 335
258 3 335
3 260 142
260 3 142
3 261 237
261 3 237
3 263 256
263 3 256
3 265 410
265 3 410
3 267 392
267 3 392
3 268 460
268 3 460
3 269 131
269 3 131
3 272 455
272 3 455
3 276 16
276 3 16
3 277 292
277 3 292
3 278 360
278 3 360
3 279 19
279 3 19
3 280 404
280 3 404
3 281 422
281 3 422
3 284 403
284 3 403
3 286 317
286 3 317
3 287 253
287 3 253
3 288 184
288 3 184
3 290 497
290 3 497
3 291 61
291 3 61
3 292 310
292 3 310
3 294 455
294 3 455
3 295 255
295 3 255
3 300 97
300 3 97
3 303 106
303 3 106
3 304 376
304 3 376
3 306 533
306 3 533
3 308 363
308 3 363
3 309 247
309 3 247
3 311 305
311 3 305
3 314 197
314 3 197
3 315 198
315 3 198
3 316 142
316 3 142
3 317 327
317 3 327
3 318 426
318 3 426
3 320 105
320 3 105
3 322 389
322 3 389
3 324 332
324 3 332
3 325 599
325 3 599
3 327 340
327 3 340
3 328 370
328 3 370
3 333 223
333 3 223
3 334 492
334 3 492
3 336 518
336 3 518
3 338 429
338 3 429
3 339 415
339 3 415
3 341 24
341 3 24
3 343 193
343 3 193
3 344 153
344 3 153
3 346 193
346 3 193
3 347 405
347 3 405
3 348 351
348 3 351
3 349 176
349 3 176
3 350 44
350 3 44
3 356 281
356 3 281
3 357 370
357 3 370
3 358 561
358 3 561
3 361 423
361 3 423
3 362 348
362 3 348
3 363 469
363 3 469
3 364 160
364 3 160
3 365 410
365 3 410
3 368 459
368 3 459
3 369 436
369 3 436
3 370 157
370 3 157
3 371 206
371 3 206
3 378 289
378 3 289
3 381 29
381 3 29
3 382 424
382 3 424
3 384 459
384 3 459
3 385 497
385 3 497
3 388 449
388 3 449
3 389 196
389 3 196
3 390 94
390 3 94
3 392 201
392 3 201
3 393 489
393 3 489
3 394 425
394 3 425
3 395 347
395 3 347
3 396 383
396 3 383
3 401 374
401 3 374
3 402 301
402 3 301
3 404 284
404 3 284
3 405 440
405 3 440
3 407 407
407 3 407
3 408 393
408 3 393
3 411 294
411 3 294
3 415 217
415 3 217
3 418 452
418 3 452
3 422 600
422 3 600
3 423 532
423 3 532
3 424 454
424 3 454
3 425 276
425 3 276
3 426 175
426 3 175
3 429 356
429 3 356
3 430 268
430 3 268
3 432 352
432 3 352
3 434 134
434 3 134
3 435 396
435 3 396
3 437 333
437 3 333
3 438 271
438 3 271
3 439 384
439 3 384
3 441 358
441 3 358
3 442 298
442 3 298
3 443 448
443 3 448
3 444 374
444 3 374
3 445 77
445 3 77
3 447 169
447 3 169
3 449 367
449 3 367
3 450 194
450 3 194
3 452 437
452 3 437
3 453 495
453 3 495
3 455 204
455 3 204
3 458 169
458 3 169
3 459 265
459 3 265
3 462 458
462 3 458
3 464 187
464 3 187
3 465 32
465 3 32
3 466 223
466 3 223
3 467 430
467 3 430
3 470 231
470 3 231
3 474 362
474 3 362
3 475 318
475 3 318
3 479 451
479 3 451
3 483 225
483 3 225
3 484 34
484 3 34
3 485 54
485 3 54
3 486 154
486 3 154
3 487 359
487 3 359
3 489 180
489 3 180
3 490 85
490 3 85
3 493 497
493 3 497
3 496 408
496 3 408
3 497 409
497 3 409
3 498 229
498 3 229
4 5 329
5 4 329
4 6 124
6 4 124
4 11 154
11 4 154
4 13 152
13 4 152
4 15 114
15 4 114
4 18 209
18 4 209
4 19 279
19 4 279
4 22 195
22 4 195
4 24 265
24 4 265
4 25 309
25 4 309
4 26 339
26 4 339
4 27 81
27 4 81
4 30 140
30 4 140
4 32 271
32 4 271
4 34 110
34 4 110
4 35 283
35 4 283
4 36 48
36 4 48
4 38 49
38 4 49
4 39 133
39 4 133
4 40 371
40 4 371
4 42 334
42 4 334
4 44 110
44 4 110
4 45 82
45 4 82
4 48 93
48 4 93
4 49 141
49 4 141
4 51 91
51 4 91
4 52 61
52 4 61
4 53 246
53 4 246
4 54 355
54 4 355
4 55 395
55 4 395
4 56 333
56 4 333
4 57 132
57 4 132
4 59 382
59 4 382
4 60 110
60 4 110
4 61 347
61 4 347
4 67 282
67 4 282
4 68 462
68 4 462
4 69 290
69 4 290
4 70 392
70 4 392
4 75 99
75 4 99
4 76 325
76 4 325
4 77 413
77 4 413
4 79 291
79 4 291
4 81 316
81 4 316
4 84 313
84 4 313
4 91 327
91 4 327
4 93 241
93 4 241
4 96 226
96 4 226
4 101 318
101 4 318
4 102 218
102 4 218
4 103 101
103 4 101
4 105 214
105 4 214
4 108 399
108 4 399
4 110 241
110 4 241
4 111 61
111 4 61
4 112 203
112 4 203
4 113 325
113 4 325
4 115 290
115 4 290
4 116 85
116 4 85
4 117 361
117 4 361
4 118 312
118 4 312
4 119 112
119 4 112
4 120 140
120 4 140
4 123 237
123 4 237
4 126 41
126 4 41
4 127 236
127 4 236
4 128 374
128 4 374
4 129 54
129 4 54
4 131 96
131 4 96
4 133 141
133 4 141
4 137 311
137 4 311
4 139 447
139 4 447
4 141 298
141 4 298
4 142 265
142 4 265
4 144 30
144 4 30
4 147 407
147 4 407
4 148 106
148 4 106
4 149 277
149 4 277
4 150 180
150 4 180
4 152 315
152 4 315
4 153 296
153 4 296
4 154 290
154 4 290
4 159 195
159 4 195
4 161 340
161 4 340
4 163 218
163 4 218
4 164 43
164 4 43
4 167 96
167 4 96
4 170 309
170 4 309
4 171 201
171 4 201
4 172 358
172 4 358
4 174 214
174 4 214
4 175 69
175 4 69
4 176 286
176 4 286
4 183 352
183 4 352
4 184 413
184 4 413
4 185 43
185 4 43
4 188 201
188 4 201
4 190 189
190 4 189
4 191 267
191 4 267
4 192 28
192 4 28
4 193 84
193 4 84
4 194 223
194 4 223
4 195 76
195 4 76
4 197 102
197 4 102
4 198 208
198 4 208
4 199 289
199 4 289
4 200 310
200 4 310
4 203 375
203 4 375
4 204 158
204 4 158
4 206 173
206 4 173
4 209 311
209 4 311
4 210 455
210 4 455
4 213 147
213 4 147
4 214 395
214 4 395
4 215 150
215 4 150
4 216 459
216 4 459
4 217 185
217 4 185
4 218 202
218 4 202
4 219 181
219 4 181
4 221 362
221 4 362
4 223 132
223 4 132
4 225 232
225 4 232
4 228 107
228 4 107
4 230 408
230 4 408
4 232 393
232 4 393
4 233 289
233 4 289
4 235 92
235 4 92
4 236 284
236 4 284
4 238 171
238 4 171
4 241 96
241 4 96
4 242 160
242 4 160
4 243 320
243 4 320
4 244 53
244 4 53
4 245 464
245 4 464
4 247 346
247 4 346
4 248 388
248 4 388
4 249 446
249 4 446
4 250 193
250 4 193
4 251 306
251 4 306
4 254 182
254 4 182
4 255 280
255 4 280
4 257 119
257 4 119
4 258 148
258 4 148
4 259 95
259 4 95
4 260 346
260 4 346
4 265 115
265 4 115
4 267 77
267 4 77
4 269 215
269 4 215
4 274 89
274 4 89
4 275 319
275 4 319
4 277 175
277 4 175
4 278 290
278 4 290
4 281 261
281 4 261
4 284 148
284 4 148
4 285 299
285 4 299
4 288 277
288 4 277
4 290 287
290 4 287
4 291 371
291 4 371
4 295 327
295 4 327
4 298 415
298 4 415
4 299 366
299 4 366
4 301 116
301 4 116
4 303 266
303 4 266
4 304 214
304 4 214
4 305 169
305 4 169
4 306 245
306 4 245
4 307 373
307 4 373
4 311 96
311 4 96
4 313 205
313 4 205
4 315 220
315 4 220
4 316 387
316 4 387
4 317 59
317 4 59
4 321 135
321 4 135
4 322 319
322 4 319
4 328 283
328 4 283
4 329 109
329 4 109
4 332 389
332 4 389
4 333 331
333 4 331
4 334 283
334 4 283
4 335 135
335 4 135
4 340 236
340 4 236
4 342 256
342 4 256
4 344 290
344 4 290
4 345 417
345 4 417
4 347 431
347 4 431
4 348 22
348 4 22
4 349 162
349 4 162
4 351 316
351 4 316
4 352 353
352 4 353
4 353 398
353 4 398
4 354 377
354 4 377
4 355 108
355 4 108
4 356 297
356 4 297
4 357 135
357 4 135
4 358 299
358 4 299
4 365 146
365 4 146
4 366 245
366 4 245
4 367 348
367 4 348
4 369 450
369 4 450
4 370 210
370 4 210
4 371 169
371 4 169
4 373 291
373 4 291
4 375 387
375 4 387
4 377 347
377 4 347
4 378 288
378 4 288
4 380 214
380 4 214
4 382 360
382 4 360
4 383 382
383 4 382
4 385 190
385 4 190
4 386 268
386 4 268
4 391 36
391 4 36
4 392 190
392 4 190
4 393 317
393 4 317
4 395 316
395 4 316
4 398 110
398 4 110
4 399 349
399 4 349
4 400 206
400 4 206
4 402 69
402 4 69
4 404 400
404 4 400
4 407 464
407 4 464
4 408 60
408 4 60
4 410 404
410 4 404
4 419 325
419 4 325
4 421 301
421 4 301
4 422 335
422 4 335
4 425 114
425 4 114
4 426 235
426 4 235
4 427 284
427 4 284
4 428 142
428 4 142
4 431 130
431 4 130
4 432 399
432 4 399
4 433 326
433 4 326
4 434 243
434 4 243
4 435 150
435 4 150
4 437 219
437 4 219
4 438 92
438 4 92
4 439 329
439 4 329
4 440 271
440 4 271
4 443 348
443 4 348
4 444 409
444 4 409
4 447 212
447 4 212
4 450 195
450 4 195
4 452 160
452 4 160
4 454 251
454 4 251
4 456 228
456 4 228
4 460 101
460 4 101
4 461 138
461 4 138
4 462 244
462 4 244
4 463 107
463 4 107
4 465 301
465 4 301
4 466 195
466 4 195
4 467 281
467 4 281
4 468 312
468 4 312
4 471 105
471 4 105
4 472 355
472 4 355
4 473 266
473 4 266
4 474 70
474 4 70
4 475 216
475 4 216
4 477 424
477 4 424
4 479 293
479 4 293
4 481 224
481 4 224
4 482 326
482 4 326
4 485 311
485 4 311
4 489 330
489 4 330
4 491 303
491 4 303
4 492 20
492 4 20
4 493 279
493 4 279
4 494 289
494 4 289
4 495 275
495 4 275
4 498 228
498 4 228
4 499 71
499 4 71
5 10 113
10 5 113
5 11 269
11 5 269
5 12 365
12 5 365
5 15 228
15 5 228
5 17 24
17 5 24
5 20 349
20 5 349
5 21 364
21 5 364
5 26 375
26 5 375
5 29 301
29 5 301
5 31 360
31 5 360
5 33 272
33 5 272
5 34 337
34 5 337
5 36 372
36 5 372
5 39 381
39 5 381
5 41 363
41 5 363
5 44 307
44 5 307
5 46 56
46 5 56
5 48 423
48 5 423
5 51 356
51 5 356
5 52 272
52 5 272
5 53 221
53 5 221
5 55 230
55 5 230
5 56 59
56 5 59
5 57 262
57 5 262
5 58 400
58 5 400
5 59 150
59 5 150
5 60 415
60 5 415
5 61 173
61 5 173
5 64 447
64 5 447
5 65 230
65 5 230
5 67 67
67 5 67
5 68 249
68 5 249
5 69 269
69 5 269
5 73 411
73 5 411
5 80 57
80 5 57
5 85 412
85 5 412
5 86 278
86 5 278
5 91 118
91 5 118
5 92 218
92 5 218
5 96 166
96 5 166
5 97 182
97 5 182
5 98 258
98 5 258
5 99 271
99 5 271
5 103 421
103 5 421
5 104 85
104 5 85
5 105 153
105 5 153
5 106 199
106 5 199
5 108 130
108 5 130
5 111 268
111 5 268
5 113 337
113 5 337
5 115 159
115 5 159
5 122 431
122 5 431
5 124 79
124 5 79
5 126 354
126 5 354
5 127 227
127 5 227
5 129 382
129 5 382
5 130 265
130 5 265
5 133 304
133 5 304
5 135 141
135 5 141
5 138 105
138 5 105
5 142 115
142 5 115
5 143 173
143 5 173
5 144 322
144 5 322
5 145 321
145 5 321
5 146 445
146 5 445
5 147 302
147 5 302
5 149 69
149 5 69
5 150 152
150 5 152
5 151 306
151 5 306
5 153 252
153 5 252
5 156 334
156 5 334
5 160 179
160 5 179
5 162 75
162 5 75
5 163 215
163 5 215
5 164 335
164 5 335
5 165 237
165 5 237
5 171 187
171 5 187
5 172 261
172 5 261
5 173 426
173 5 426
5 174 136
174 5 136
5 175 380
175 5 380
5 186 146
186 5 146
5 187 239
187 5 239
5 188 421
188 5 421
5 196 105
196 5 105
5 197 316
197 5 316
5 198 137
198 5 137
5 199 200
199 5 200
5 200 374
200 5 374
5 202 287
202 5 287
5 203 123
203 5 123
5 204 177
204 5 177
5 205 338
205 5 338
5 206 337
206 5 337
5 207 290
207 5 290
5 213 206
213 5 206
5 214 192
214 5 192
5 218 136
218 5 136
5 219 315
219 5 315
5 220 255
220 5 255
5 221 297
221 5 297
5 222 229
222 5 229
5 223 215
223 5 215
5 229 376
229 5 376
5 232 106
232 5 106
5 236 75
236 5 75
5 237 72
237 5 72
5 239 360
239 5 360
5 240 76
240 5 76
5 243 355
243 5 355
5 244 374
244 5 374
5 247 286
247 5 286
5 248 89
248 5 89
5 250 285
250 5 285
5 251 70
251 5 70
5 252 236
252 5 236
5 253 166
253 5 166
5 259 315
259 5 315
5 261 200
261 5 200
5 264 140
264 5 140
5 267 404
267 5 404
5 268 345
268 5 345
5 271 297
271 5 297
5 273 246
273 5 246
5 275 443
275 5 443
5 276 175
276 5 175
5 277 205
277 5 205
5 278 225
278 5 225
5 281 306
281 5 306
5 283 112
283 5 112
5 284 334
284 5 334
5 285 184
285 5 184
5 287 279
287 5 279
5 288 60
288 5 60
5 290 389
290 5 389
5 291 129
291 5 129
5 292 273
292 5 273
5 296 268
296 5 268
5 297 259
297 5 259
5 298 117
298 5 117
5 303 231
303 5 231
5 305 236
305 5 236
5 306 460
306 5 460
5 307 48
307 5 48
5 308 251
308 5 251
5 309 282
309 5 282
5 311 259
311 5 259
5 317 352
317 5 352
5 318 275
318 5 275
5 319 56
319 5 56
5 322 248
322 5 248
5 323 262
323 5 262
5 324 365
324 5 365
5 328 239
328 5 239
5 330 198
330 5 198
5 331 110
331 5 110
5 333 63
333 5 63
5 335 397
335 5 397
5 336 422
336 5 422
5 337 273
337 5 273
5 339 401
339 5 401
5 340 330
340 5 330
5 341 180
341 5 180
5 345 195
345 5 195
5 346 195
346 5 195
5 351 466
351 5 466
5 352 247
352 5 247
5 353 221
353 5 221
5 355 278
355 5 278
5 356 135
356 5 135
5 359 302
359 5 302
5 361 262
361 5 262
5 362 379
362 5 379
5 363 339
363 5 339
5 366 85
366 5 85
5 367 205
367 5 205
5 368 362
368 5 362
5 371 281
371 5 281
5 374 396
374 5 396
5 376 330
376 5 330
5 378 148
378 5 148
5 379 69
379 5 69
5 380 405
380 5 405
5 381 138
381 5 138
5 383 186
383 5 186
5 384 420
384 5 420
5 385 441
385 5 441
5 387 360
387 5 360
5 391 323
391 5 323
5 392 141
392 5 141
5 393 368
393 5 368
5 396 435
396 5 435
5 399 344
399 5 344
5 401 327
401 5 327
5 403 146
403 5 146
5 409 169
409 5 169
5 410 142
410 5 142
5 412 123
412 5 123
5 413 65
413 5 65
5 415 302
415 5 302
5 416 226
416 5 226
5 417 134
417 5 134
5 420 192
420 5 192
5 423 453
423 5 453
5 426 95
426 5 95
5 427 463
427 5 463
5 428 401
428 5 401
5 430 107
430 5 107
5 431 353
431 5 353
5 434 95
434 5 95
5 436 293
436 5 293
5 437 224
437 5 224
5 440 59
440 5 59
5 441 197
441 5 197
5 443 307
443 5 307
5 445 116
445 5 116
5 446 249
446 5 249
5 448 412
448 5 412
5 453 374
453 5 374
5 454 152
454 5 152
5 455 146
455 5 146
5 457 347
457 5 347
5 459 180
459 5 180
5 461 195
461 5 195
5 462 358
462 5 358
5 464 107
464 5 107
5 466 144
466 5 144
5 470 86
470 5 86
5 473 170
473 5 170
5 475 209
475 5 209
5 477 212
477 5 212
5 479 330
479 5 330
5 480 338
480 5 338
5 482 51
482 5 51
5 485 109
485 5 109
5 486 200
486 5 200
5 489 19
489 5 19
5 490 170
490 5 170
5 491 80
491 5 80
5 494 60
494 5 60
5 496 246
496 5 246
5 497 336
497 5 336
5 498 124
498 5 124
6 7 110
7 6 110
6 8 140
8 6 140
6 9 98
9 6 98
6 10 177
10 6 177
6 11 232
11 6 232
6 13 149
13 6 149
6 14 293
14 6 293
6 15 74
15 6 74
6 18 133
18 6 133
6 19 155
19 6 155
6 21 185
21 6 185
6 24 142
24 6 142
6 25 282
25 6 282
6 27 196
27 6 196
6 28 249
28 6 249
6 29 20
29 6 20
6 30 136
30 6 136
6 31 96
31 6 96
6 33 345
33 6 345
6 37 275
37 6 275
6 38 106
38 6 106
6 41 209
41 6 209
6 46 328
46 6 328
6 47 164
47 6 164
6 51 82
51 6 82
6 52 127
52 6 127
6 53 131
53 6 131
6 55 284
55 6 284
6 56 310
56 6 310
6 58 197
58 6 197
6 59 289
59 6 289
6 60 233
60 6 233
6 61 364
61 6 364
6 62 238
62 6 238
6 65 358
65 6 358
6 66 182
66 6 182
6 69 167
69 6 167
6 70 302
70 6 302
6 71 94
71 6 94
6 72 96
72 6 96
6 75 28
75 6 28
6 76 219
76 6 219
6 78 315
78 6 315
6 84 199
84 6 199
6 85 195
85 6 195
6 87 209
87 6 209
6 89 176
89 6 176
6 91 240
91 6 240
6 92 278
92 6 278
6 94 35
94 6 35
6 95 260
95 6 260
6 99 215
99 6 215
6 102 293
102 6 293
6 103 219
103 6 219
6 106 288
106 6 288
6 108 388
108 6 388
6 109 403
109 6 403
6 110 121
110 6 121
6 111 109
111 6 109
6 112 120
112 6 120
6 113 201
113 6 201
6 114 282
114 6 282
6 117 325
117 6 325
6 118 192
118 6 192
6 119 45
119 6 45
6 122 205
122 6 205
6 123 275
123 6 275
6 125 241
125 6 241
6 126 166
126 6 166
6 128 280
128 6 280
6 129 149
129 6 149
6 130 133
130 6 133
6 131 62
131 6 62
6 132 172
132 6 172
6 136 199
136 6 199
6 137 190
137 6 190
6 138 217
138 6 217
6 139 331
139 6 331
6 140 275
140 6 275
6 141 208
141 6 208
6 143 275
143 6 275
6 145 82
145 6 82
6 147 286
147 6 286
6 150 142
150 6 142
6 151 74
151 6 74
6 152 338
152 6 338
6 156 58
156 6 58
6 157 275
157 6 275
6 159 109
159 6 109
6 160 416
160 6 416
6 161 253
161 6 253
6 164 164
164 6 164
6 165 266
165 6 266
6 166 179
166 6 179
6 170 186
170 6 186
6 171 235
171 6 235
6 172 239
172 6 239
6 173 146
173 6 146
6 174 216
174 6 216
6 175 193
175 6 193
6 177 131
177 6 131
6 178 160
178 6 160
6 179 25
179 6 25
6 180 111
180 6 111
6 181 64
181 6 64
6 182 138
182 6 138
6 184 296
184 6 296
6 189 192
189 6 192
6 190 67
190 6 67
6 191 237
191 6 237
6 198 208
198 6 208
6 199 178
199 6 178
6 200 191
200 6 191
6 203 368
203 6 368
6 207 84
207 6 84
6 211 205
211 6 205
6 212 311
212 6 311
6 213 182
213 6 182
6 215 93
215 6 93
6 216 348
216 6 348
6 217 119
217 6 119
6 220 85
220 6 85
6 221 239
221 6 239
6 226 143
226 6 143
6 227 241
227 6 241
6 228 208
228 6 208
6 230 292
230 6 292
6 234 308
234 6 308
6 237 343
237 6 343
6 238 242
238 6 242
6 239 158
239 6 158
6 241 202
241 6 202
6 242 190
242 6 190
6 243 197
243 6 197
6 245 367
245 6 367
6 247 223
247 6 223
6 248 317
248 6 317
6 249 348
249 6 348
6 250 68
250 6 68
6 251 238
251 6 238
6 252 213
252 6 213
6 253 244
253 6 244
6 256 215
256 6 215
6 260 309
260 6 309
6 261 112
261 6 112
6 262 206
262 6 206
6 263 318
263 6 318
6 264 308
264 6 308
6 265 79
265 6 79
6 268 158
268 6 158
6 269 265
269 6 265
6 270 327
270 6 327
6 273 174
273 6 174
6 275 216
275 6 216
6 276 348
276 6 348
6 277 83
277 6 83
6 280 93
280 6 93
6 281 137
281 6 137
6 283 339
283 6 339
6 285 328
285 6 328
6 287 172
287 6 172
6 288 225
288 6 225
6 289 313
289 6 313
6 290 175
290 6 175
6 294 213
294 6 213
6 296 256
296 6 256
6 297 54
297 6 54
6 298 341
298 6 341
6 300 310
300 6 310
6 302 163
302 6 163
6 304 89
304 6 89
6 306 184
306 6 184
6 307 333
307 6 333
6 308 112
308 6 112
6 309 185
309 6 185
6 311 50
311 6 50
6 312 193
312 6 193
6 313 82
313 6 82
6 315 173
315 6 173
6 316 353
316 6 353
6 317 183
317 6 183
6 323 87
323 6 87
6 329 96
329 6 96
6 330 344
330 6 344
6 332 270
332 6 270
6 333 263
333 6 263
6 334 170
334 6 170
6 336 178
336 6 178
6 337 371
337 6 371
6 338 376
338 6 376
6 339 147
339 6 147
6 340 116
340 6 116
6 341 348
341 6 348
6 343 163
343 6 163
6 348 140
348 6 140
6 349 218
349 6 218
6 350 323
350 6 323
6 356 206
356 6 206
6 361 329
361 6 329
6 364 333
364 6 333
6 366 203
366 6 203
6 368 126
368 6 126
6 370 194
370 6 194
6 371 252
371 6 252
6 375 265
375 6 265
6 376 48
376 6 48
6 377 222
377 6 222
6 379 302
379 6 302
6 380 134
380 6 134
6 381 349
381 6 349
6 383 397
383 6 397
6 385 156
385 6 156
6 386 157
386 6 157
6 389 261
389 6 261
6 390 256
390 6 256
6 393 196
393 6 196
6 395 205
395 6 205
6 396 277
396 6 277
6 397 198
397 6 198
6 399 224
399 6 224
6 400 93
400 6 93
6 402 73
402 6 73
6 403 331
403 6 331
6 404 319
404 6 319
6 405 124
405 6 124
6 408 132
408 6 132
6 409 368
409 6 368
6 411 287
411 6 287
6 412 282
412 6 282
6 414 160
414 6 160
6 418 124
418 6 124
6 419 239
419 6 239
6 421 181
421 6 181
6 422 255
422 6 255
6 424 105
424 6 105
6 425 73
425 6 73
6 430 275
430 6 275
6 431 68
431 6 68
6 439 211
439 6 211
6 441 306
441 6 306
6 442 67
442 6 67
6 444 303
444 6 303
6 446 217
446 6 217
6 449 181
449 6 181
6 450 276
450 6 276
6 451 273
451 6 273
6 452 90
452 6 90
6 454 270
454 6 270
6 459 104
459 6 104
6 460 140
460 6 140
6 463 129
463 6 129
6 468 332
468 6 332
6 469 264
469 6 264
6 470 222
470 6 222
6 473 293
473 6 293
6 475 107
475 6 107
6 476 173
476 6 173
6 478 318
478 6 318
6 481 209
481 6 209
6 484 328
484 6 328
6 488 78
488 6 78
6 491 232
491 6 232
6 492 144
492 6 144
6 496 362
496 6 362
6 497 60
497 6 60
6 498 162
498 6 162
7 10 286
10 7 286
7 11 318
11 7 318
7 12 332
12 7 332
7 13 73
13 7 73
7 14 377
14 7 377
7 19 166
19 7 166
7 20 204
20 7 204
7 21 172
21 7 172
7 23 379
23 7 379
7 24 192
24 7 192
7 28 273
28 7 273
7 29 91
29 7 91
7 30 68
30 7 68
7 31 54
31 7 54
7 33 404
33 7 404
7 34 284
34 7 284
7 39 302
39 7 302
7 40 273
40 7 273
7 41 255
41 7 255
7 42 185
42 7 185
7 43 144
43 7 144
7 47 64
47 7 64
7 48 185
48 7 185
7 49 302
49 7 302
7 50 186
50 7 186
7 60 256
60 7 256
7 61 472
61 7 472
7 67 370
67 7 370
7 72 199
72 7 199
7 73 304
73 7 304
7 74 197
74 7 197
7 75 126
75 7 126
7 76 161
76 7 161
7 77 529
77 7 529
7 78 424
78 7 424
7 81 306
81 7 306
7 82 254
82 7 254
7 84 267
84 7 267
7 85 146
85 7 146
7 87 319
87 7 319
7 90 369
90 7 369
7 91 333
91 7 333
7 92 377
92 7 377
7 94 119
94 7 119
7 96 356
96 7 356
7 97 219
97 7 219
7 99 260
99 7 260
7 101 374
101 7 374
7 104 374
104 7 374
7 107 157
107 7 157
7 108 498
108 7 498
7 110 188
110 7 188
7 115 279
115 7 279
7 116 147
116 7 147
7 117 433
117 7 433
7 119 75
119 7 75
7 123 377
123 7 377
7 124 332
124 7 332
7 125 254
125 7 254
7 126 206
126 7 206
7 129 161
129 7 161
7 131 80
131 7 80
7 132 245
132 7 245
7 136 213
136 7 213
7 139 384
139 7 384
7 145 93
145 7 93
7 148 84
148 7 84
7 149 365
149 7 365
7 150 252
150 7 252
7 152 445
152 7 445
7 153 229
153 7 229
7 154 186
154 7 186
7 162 392
162 7 392
7 165 326
165 7 326
7 167 233
167 7 233
7 168 382
168 7 382
7 169 402
169 7 402
7 170 186
170 7 186
7 171 338
171 7 338
7 173 82
173 7 82
7 178 120
178 7 120
7 182 212
182 7 212
7 183 268
183 7 268
7 184 348
184 7 348
7 185 167
185 7 167
7 186 255
186 7 255
7 188 31
188 7 31
7 190 100
190 7 100
7 193 189
193 7 189
7 197 90
197 7 90
7 198 317
198 7 317
7 199 253
199 7 253
7 200 172
200 7 172
7 202 306
202 7 306
7 205 72
205 7 72
7 209 334
209 7 334
7 210 444
210 7 444
7 211 284
211 7 284
7 215 203
215 7 203
7 216 410
216 7 410
7 217 227
217 7 227
7 219 86
219 7 86
7 222 311
222 7 311
7 225 180
225 7 180
7 227 328
227 7 328
7 229 27
229 7 27
7 230 345
230 7 345
7 231 149
231 7 149
7 233 119
