384 129
124428
0 1 220
1 0 220
0 2 93
2 0 93
0 4 57
4 0 57
0 5 168
5 0 168
0 10 311
10 0 311
0 11 214
11 0 214
0 14 142
14 0 142
0 16 31
16 0 31
0 18 355
18 0 355
0 19 40
19 0 40
0 20 40
20 0 40
0 21 298
21 0 298
0 22 241
22 0 241
0 23 114
23 0 114
0 24 24
24 0 24
0 26 52
26 0 52
0 27 138
27 0 138
0 28 427
28 0 427
0 36 414
36 0 414
0 40 273
40 0 273
0 41 445
41 0 445
0 43 290
43 0 290
0 45 169
45 0 169
0 46 261
46 0 261
0 48 463
48 0 463
0 49 327
49 0 327
0 50 480
50 0 480
0 51 434
51 0 434
0 55 297
55 0 297
0 56 291
56 0 291
0 58 88
58 0 88
0 59 328
59 0 328
0 60 247
60 0 247
0 62 434
62 0 434
0 65 380
65 0 380
0 67 384
67 0 384
0 68 280
68 0 280
0 69 275
69 0 275
0 70 93
70 0 93
0 73 316
73 0 316
0 74 195
74 0 195
0 75 150
75 0 150
0 76 463
76 0 463
0 77 168
77 0 168
0 86 287
86 0 287
0 87 339
87 0 339
0 88 153
88 0 153
0 89 76
89 0 76
0 90 350
90 0 350
0 91 263
91 0 263
0 93 9
93 0 9
0 94 301
94 0 301
0 95 455
95 0 455
0 96 208
96 0 208
0 97 168
97 0 168
0 99 388
99 0 388
0 100 114
100 0 114
0 101 271
101 0 271
0 102 67
102 0 67
0 103 166
103 0 166
0 106 356
106 0 356
0 107 232
107 0 232
0 110 269
110 0 269
0 111 303
111 0 303
0 113 186
113 0 186
0 114 19
114 0 19
0 115 352
115 0 352
0 116 433
116 0 433
0 117 370
117 0 370
0 118 141
118 0 141
0 119 242
119 0 242
0 120 47
120 0 47
0 123 271
123 0 271
0 124 283
124 0 283
0 127 340
127 0 340
0 128 516
128 0 516
0 133 276
133 0 276
0 135 373
135 0 373
0 139 182
139 0 182
0 140 437
140 0 437
0 148 367
148 0 367
0 149 337
149 0 337
0 150 115
150 0 115
0 152 54
152 0 54
0 154 37
154 0 37
0 157 259
157 0 259
0 164 305
164 0 305
0 165 140
165 0 140
0 166 243
166 0 243
0 167 426
167 0 426
0 168 142
168 0 142
0 170 153
170 0 153
0 173 159
173 0 159
0 177 386
177 0 386
0 178 379
178 0 379
0 179 447
179 0 447
0 181 242
181 0 242
0 182 372
182 0 372
0 184 373
184 0 373
0 185 204
185 0 204
0 186 420
186 0 420
0 187 532
187 0 532
0 191 295
191 0 295
0 193 314
193 0 314
0 194 122
194 0 122
0 195 88
195 0 88
0 198 236
198 0 236
0 199 111
199 0 111
0 200 379
200 0 379
0 201 143
201 0 143
0 203 367
203 0 367
0 210 352
210 0 352
0 213 113
213 0 113
0 216 278
216 0 278
0 217 141
217 0 141
0 218 311
218 0 311
0 219 177
219 0 177
0 220 257
220 0 257
0 225 185
225 0 185
0 226 222
226 0 222
0 227 325
227 0 325
0 228 118
228 0 118
0 229 173
229 0 173
0 230 30
230 0 30
0 231 24
231 0 24
0 233 447
233 0 447
0 235 52
235 0 52
0 241 435
241 0 435
0 244 379
244 0 379
0 246 92
246 0 92
0 247 190
247 0 190
0 252 212
252 0 212
0 255 337
255 0 337
0 259 154
259 0 154
0 262 152
262 0 152
0 265 389
265 0 389
0 266 69
266 0 69
0 270 162
270 0 162
0 272 158
272 0 158
0 273 429
273 0 429
0 274 401
274 0 401
0 276 193
276 0 193
0 278 297
278 0 297
0 279 104
279 0 104
0 280 423
280 0 423
0 281 416
281 0 416
0 282 405
282 0 405
0 287 510
287 0 510
0 289 210
289 0 210
0 290 346
290 0 346
0 293 323
293 0 323
0 295 86
295 0 86
0 297 70
297 0 70
0 298 284
298 0 284
0 300 238
300 0 238
0 301 353
301 0 353
0 303 62
303 0 62
0 306 272
306 0 272
0 308 80
308 0 80
0 309 227
309 0 227
0 310 420
310 0 420
0 311 427
311 0 427
0 312 382
312 0 382
0 313 65
313 0 65
0 314 138
314 0 138
0 315 299
315 0 299
0 318 336
318 0 336
0 319 322
319 0 322
0 321 450
321 0 450
0 323 234
323 0 234
0 325 38
325 0 38
0 326 355
326 0 355
0 327 264
327 0 264
0 328 511
328 0 511
0 332 280
332 0 280
0 333 84
333 0 84
0 334 105
334 0 105
0 335 325
335 0 325
0 336 379
336 0 379
0 337 193
337 0 193
0 338 460
338 0 460
0 339 376
339 0 376
0 340 26
340 0 26
0 341 186
341 0 186
0 344 137
344 0 137
0 346 259
346 0 259
0 348 33
348 0 33
0 352 105
352 0 105
0 356 217
356 0 217
0 357 404
357 0 404
0 359 169
359 0 169
0 360 405
360 0 405
0 362 317
362 0 317
0 363 334
363 0 334
0 364 147
364 0 147
0 367 426
367 0 426
0 371 276
371 0 276
0 372 344
372 0 344
0 373 125
373 0 125
0 374 303
374 0 303
0 375 22
375 0 22
0 376 453
376 0 453
0 378 301
378 0 301
0 380 465
380 0 465
0 382 161
382 0 161
0 385 208
385 0 208
0 387 48
387 0 48
0 388 121
388 0 121
0 391 130
391 0 130
0 392 306
392 0 306
0 394 333
394 0 333
0 396 177
396 0 177
0 397 401
397 0 401
0 403 388
403 0 388
0 405 408
405 0 408
0 406 405
406 0 405
0 407 155
407 0 155
0 412 351
412 0 351
0 413 361
413 0 361
0 414 264
414 0 264
0 415 172
415 0 172
0 417 302
417 0 302
0 418 386
418 0 386
0 419 136
419 0 136
0 422 132
422 0 132
0 423 73
423 0 73
0 424 97
424 0 97
0 425 117
425 0 117
0 427 380
427 0 380
0 429 107
429 0 107
0 430 408
430 0 408
0 434 126
434 0 126
0 435 69
435 0 69
0 436 53
436 0 53
0 438 177
438 0 177
0 440 407
440 0 407
0 441 195
441 0 195
0 447 365
447 0 365
0 448 215
448 0 215
0 449 394
449 0 394
0 451 520
451 0 520
0 453 315
453 0 315
0 456 511
456 0 511
0 457 203
457 0 203
0 459 330
459 0 330
0 463 326
463 0 326
0 465 200
465 0 200
0 473 116
473 0 116
0 475 369
475 0 369
0 476 318
476 0 318
0 481 297
481 0 297
0 484 397
484 0 397
0 486 64
486 0 64
0 489 227
489 0 227
0 495 457
495 0 457
0 496 194
496 0 194
0 499 432
499 0 432
1 2 279
2 1 279
1 3 93
3 1 93
1 9 217
9 1 217
1 10 361
10 1 361
1 14 179
14 1 179
1 15 130
15 1 130
1 18 396
18 1 396
1 21 406
21 1 406
1 23 184
23 1 184
1 25 232
25 1 232
1 29 398
29 1 398
1 30 237
30 1 237
1 31 77
31 1 77
1 32 233
32 1 233
1 41 360
41 1 360
1 42 231
42 1 231
1 52 225
52 1 225
1 54 230
54 1 230
1 56 177
56 1 177
1 58 207
58 1 207
1 59 227
59 1 227
1 61 406
61 1 406
1 63 243
63 1 243
1 64 144
64 1 144
1 67 164
67 1 164
1 68 395
68 1 395
1 73 187
73 1 187
1 74 125
74 1 125
1 76 281
76 1 281
1 78 221
78 1 221
1 85 266
85 1 266
1 88 101
88 1 101
1 91 355
91 1 355
1 92 207
92 1 207
1 96 257
96 1 257
1 97 323
97 1 323
1 101 69
101 1 69
1 106 248
106 1 248
1 110 133
110 1 133
1 111 382
111 1 382
1 112 208
112 1 208
1 117 263
117 1 263
1 118 268
118 1 268
1 119 52
119 1 52
1 123 52
123 1 52
1 124 73
124 1 73
1 125 212
125 1 212
1 126 146
126 1 146
1 133 336
133 1 336
1 134 318
134 1 318
1 137 276
137 1 276
1 138 352
138 1 352
1 139 318
139 1 318
1 140 309
140 1 309
1 141 188
141 1 188
1 142 260
142 1 260
1 143 295
143 1 295
1 146 317
146 1 317
1 147 240
147 1 240
1 151 163
151 1 163
1 154 223
154 1 223
1 155 250
155 1 250
1 156 118
156 1 118
1 158 75
158 1 75
1 162 365
162 1 365
1 163 253
163 1 253
1 165 250
165 1 250
1 166 48
166 1 48
1 170 99
170 1 99
1 172 104
172 1 104
1 175 191
175 1 191
1 176 147
176 1 147
1 179 348
179 1 348
1 181 378
181 1 378
1 182 168
182 1 168
1 187 397
187 1 397
1 188 49
188 1 49
1 192 350
192 1 350
1 193 359
193 1 359
1 194 124
194 1 124
1 196 255
196 1 255
1 199 304
199 1 304
1 202 295
202 1 295
1 206 145
206 1 145
1 207 200
207 1 200
1 213 204
213 1 204
1 214 105
214 1 105
1 215 80
215 1 80
1 216 221
216 1 221
1 218 97
218 1 97
1 219 253
219 1 253
1 222 121
222 1 121
1 223 136
223 1 136
1 229 194
229 1 194
1 230 205
230 1 205
1 231 236
231 1 236
1 233 339
233 1 339
1 236 363
236 1 363
1 237 379
237 1 379
1 239 243
239 1 243
1 241 285
241 1 285
1 243 393
243 1 393
1 244 184
244 1 184
1 246 290
246 1 290
1 253 190
253 1 190
1 255 357
255 1 357
1 256 192
256 1 192
1 257 192
257 1 192
1 258 319
258 1 319
1 260 191
260 1 191
1 261 380
261 1 380
1 262 115
262 1 115
1 264 65
264 1 65
1 265 217
265 1 217
1 267 306
267 1 306
1 270 164
270 1 164
1 271 357
271 1 357
1 273 282
273 1 282
1 274 211
274 1 211
1 276 102
276 1 102
1 277 176
277 1 176
1 281 198
281 1 198
1 282 227
282 1 227
1 284 298
284 1 298
1 285 201
285 1 201
1 286 330
286 1 330
1 288 191
288 1 191
1 289 162
289 1 162
1 290 130
290 1 130
1 294 317
294 1 317
1 296 214
296 1 214
1 297 251
297 1 251
1 299 325
299 1 325
1 300 233
300 1 233
1 301 335
301 1 335
1 305 191
305 1 191
1 308 207
308 1 207
1 309 84
309 1 84
1 310 216
310 1 216
1 311 207
311 1 207
1 318 172
318 1 172
1 319 108
319 1 108
1 320 329
320 1 329
1 323 40
323 1 40
1 326 270
326 1 270
1 327 44
327 1 44
1 328 371
328 1 371
1 332 130
332 1 130
1 333 287
333 1 287
1 335 258
335 1 258
1 336 334
336 1 334
1 337 59
337 1 59
1 338 279
338 1 279
1 340 196
340 1 196
1 341 213
341 1 213
1 342 233
342 1 233
1 354 198
354 1 198
1 356 112
356 1 112
1 358 365
358 1 365
1 360 364
360 1 364
1 362 296
362 1 296
1 366 226
366 1 226
1 367 323
367 1 323
1 371 193
371 1 193
1 373 210
373 1 210
1 374 180
374 1 180
1 376 280
376 1 280
1 378 129
378 1 129
1 380 327
380 1 327
1 384 311
384 1 311
1 385 339
385 1 339
1 389 102
389 1 102
1 391 190
391 1 190
1 392 367
392 1 367
1 395 261
395 1 261
1 397 190
397 1 190
1 398 393
398 1 393
1 400 314
400 1 314
1 401 351
401 1 351
1 403 170
403 1 170
1 406 280
406 1 280
1 411 308
411 1 308
1 413 352
413 1 352
1 414 44
414 1 44
1 415 138
415 1 138
1 417 150
417 1 150
1 419 278
419 1 278
1 420 322
420 1 322
1 422 183
422 1 183
1 423 172
423 1 172
1 424 134
424 1 134
1 426 355
426 1 355
1 427 289
427 1 289
1 429 222
429 1 222
1 431 318
431 1 318
1 432 357
432 1 357
1 436 184
436 1 184
1 441 326
441 1 326
1 442 182
442 1 182
1 444 210
444 1 210
1 448 38
448 1 38
1 449 235
449 1 235
1 451 400
451 1 400
1 452 172
452 1 172
1 453 344
453 1 344
1 455 239
455 1 239
1 456 371
456 1 371
1 458 116
458 1 116
1 459 279
459 1 279
1 464 262
464 1 262
1 465 20
465 1 20
1 467 134
467 1 134
1 468 196
468 1 196
1 471 139
471 1 139
1 474 73
474 1 73
1 477 125
477 1 125
1 480 288
480 1 288
1 481 78
481 1 78
1 482 238
482 1 238
1 483 224
483 1 224
1 486 236
486 1 236
1 490 364
490 1 364
1 491 366
491 1 366
1 495 341
495 1 341
1 496 211
496 1 211
1 499 326
499 1 326
2 3 189
3 2 189
2 5 221
5 2 221
2 6 121
6 2 121
2 7 285
7 2 285
2 8 292
8 2 292
2 11 227
11 2 227
2 12 418
12 2 418
2 14 134
14 2 134
2 15 372
15 2 372
2 16 114
16 2 114
2 17 206
17 2 206
2 19 53
19 2 53
2 21 212
21 2 212
2 22 255
22 2 255
2 30 81
30 2 81
2 33 451
33 2 451
2 36 422
36 2 422
2 38 444
38 2 444
2 41 417
41 2 417
2 42 242
42 2 242
2 43 315
43 2 315
2 45 244
45 2 244
2 46 301
46 2 301
2 47 225
47 2 225
2 50 466
50 2 466
2 53 385
53 2 385
2 54 450
54 2 450
2 55 212
55 2 212
2 56 294
56 2 294
2 58 77
58 2 77
2 59 318
59 2 318
2 60 320
60 2 320
2 62 462
62 2 462
2 64 299
64 2 299
2 65 440
65 2 440
2 66 267
66 2 267
2 68 192
68 2 192
2 69 241
69 2 241
2 70 66
70 2 66
2 73 321
73 2 321
2 74 209
74 2 209
2 76 479
76 2 479
2 77 167
77 2 167
2 79 121
79 2 121
2 80 503
80 2 503
2 81 428
81 2 428
2 84 152
84 2 152
2 85 393
85 2 393
2 86 276
86 2 276
2 87 328
87 2 328
2 92 84
92 2 84
2 93 86
93 2 86
2 94 307
94 2 307
2 96 159
96 2 159
2 97 77
97 2 77
2 98 309
98 2 309
2 102 53
102 2 53
2 105 216
105 2 216
2 108 502
108 2 502
2 110 285
110 2 285
2 111 224
111 2 224
2 113 240
113 2 240
2 114 112
114 2 112
2 115 334
115 2 334
2 116 427
116 2 427
2 124 349
124 2 349
2 125 271
125 2 271
2 127 412
127 2 412
2 129 154
129 2 154
2 131 121
131 2 121
2 132 445
132 2 445
2 133 208
133 2 208
2 135 386
135 2 386
2 137 283
137 2 283
2 138 188
138 2 188
2 141 429
141 2 429
2 143 121
143 2 121
2 146 127
146 2 127
2 147 516
147 2 516
2 150 52
150 2 52
2 154 127
154 2 127
2 156 397
156 2 397
2 160 335
160 2 335
2 162 384
162 2 384
2 164 380
164 2 380
2 165 84
165 2 84
2 166 312
166 2 312
2 167 422
167 2 422
2 169 417
169 2 417
2 170 235
170 2 235
2 171 119
171 2 119
2 175 470
175 2 470
2 178 347
178 2 347
2 182 443
182 2 443
2 184 362
184 2 362
2 185 139
185 2 139
2 188 258
188 2 258
2 190 163
190 2 163
2 191 323
191 2 323
2 192 248
192 2 248
2 199 25
199 2 25
2 200 330
200 2 330
2 203 439
203 2 439
2 204 279
204 2 279
2 205 474
205 2 474
2 210 415
210 2 415
2 213 93
213 2 93
2 215 310
215 2 310
2 217 189
217 2 189
2 220 226
220 2 226
2 221 195
221 2 195
2 222 385
222 2 385
2 223 260
223 2 260
2 224 153
224 2 153
2 225 170
225 2 170
2 226 212
226 2 212
2 227 282
227 2 282
2 230 123
230 2 123
2 233 429
233 2 429
2 236 315
236 2 315
2 238 361
238 2 361
2 240 194
240 2 194
2 244 453
244 2 453
2 246 151
246 2 151
2 249 102
249 2 102
2 250 287
250 2 287
2 251 456
251 2 456
2 252 292
252 2 292
2 258 387
258 2 387
2 259 232
259 2 232
2 261 189
261 2 189
2 263 274
263 2 274
2 264 262
264 2 262
2 266 147
266 2 147
2 267 46
267 2 46
2 269 237
269 2 237
2 271 428
271 2 428
2 272 136
272 2 136
2 274 425
274 2 425
2 275 346
275 2 346
2 278 308
278 2 308
2 280 464
280 2 464
2 281 477
281 2 477
2 282 423
282 2 423
2 283 258
283 2 258
2 287 493
287 2 493
2 288 444
288 2 444
2 289 208
289 2 208
2 290 392
290 2 392
2 292 316
292 2 316
2 293 268
293 2 268
2 294 154
294 2 154
2 295 175
295 2 175
2 296 429
296 2 429
2 297 150
297 2 150
2 299 244
299 2 244
2 302 29
302 2 29
2 304 164
304 2 164
2 305 468
305 2 468
2 309 306
309 2 306
2 313 68
313 2 68
2 315 355
315 2 355
2 317 295
317 2 295
2 319 386
319 2 386
2 321 475
321 2 475
2 324 364
324 2 364
2 325 55
325 2 55
2 329 432
329 2 432
2 330 291
330 2 291
2 332 362
332 2 362
2 334 175
334 2 175
2 337 267
337 2 267
2 338 475
338 2 475
2 340 114
340 2 114
2 342 421
342 2 421
2 345 83
345 2 83
2 346 184
346 2 184
2 351 407
351 2 407
2 353 61
353 2 61
2 354 474
354 2 474
2 358 173
358 2 173
2 359 230
359 2 230
2 361 336
361 2 336
2 362 276
362 2 276
2 364 234
364 2 234
2 365 270
365 2 270
2 366 469
366 2 469
2 367 407
367 2 407
2 369 226
369 2 226
2 370 415
370 2 415
2 371 268
371 2 268
2 374 308
374 2 308
2 376 464
376 2 464
2 380 459
380 2 459
2 382 216
382 2 216
2 383 275
383 2 275
2 386 217
386 2 217
2 387 127
387 2 127
2 389 354
389 2 354
2 390 382
390 2 382
2 396 191
396 2 191
2 398 218
398 2 218
2 400 307
400 2 307
2 402 449
402 2 449
2 405 460
405 2 460
2 406 397
406 2 397
2 411 73
411 2 73
2 415 261
415 2 261
2 416 265
416 2 265
2 418 389
418 2 389
2 419 216
419 2 216
2 421 107
421 2 107
2 423 164
423 2 164
2 425 24
425 2 24
2 427 360
427 2 360
2 428 435
428 2 435
2 431 208
431 2 208
2 433 344
433 2 344
2 437 290
437 2 290
2 438 239
438 2 239
2 439 220
439 2 220
2 440 367
440 2 367
2 441 109
441 2 109
2 442 318
442 2 318
2 443 301
443 2 301
2 446 250
446 2 250
2 449 403
449 2 403
2 451 502
451 2 502
2 454 455
454 2 455
2 461 378
461 2 378
2 462 31
462 2 31
2 463 390
463 2 390
2 464 429
464 2 429
2 472 306
472 2 306
2 473 204
473 2 204
2 478 280
478 2 280
2 479 356
479 2 356
2 480 170
480 2 170
2 482 93
482 2 93
2 485 284
485 2 284
2 492 276
492 2 276
2 493 258
493 2 258
2 494 284
494 2 284
2 495 441
495 2 441
2 497 148
497 2 148
2 498 133
498 2 133
2 499 414
499 2 414
3 5 42
5 3 42
3 8 294
8 3 294
3 9 266
9 3 266
3 12 246
12 3 246
3 13 335
13 3 335
3 14 117
14 3 117
3 17 308
17 3 308
3 18 356
18 3 356
3 20 88
20 3 88
3 21 342
21 3 342
3 26 83
26 3 83
3 28 301
28 3 301
3 30 161
30 3 161
3 32 259
32 3 259
3 34 294
34 3 294
3 35 120
35 3 120
3 36 307
36 3 307
3 37 332
37 3 332
3 39 340
39 3 340
3 41 376
41 3 376
3 42 176
42 3 176
3 43 175
43 3 175
3 44 424
44 3 424
3 48 369
48 3 369
3 50 392
50 3 392
3 54 304
54 3 304
3 55 337
55 3 337
3 56 198
56 3 198
3 57 186
57 3 186
3 58 123
58 3 123
3 59 244
59 3 244
3 61 443
61 3 443
3 62 312
62 3 312
3 65 254
65 3 254
3 70 137
70 3 137
3 71 177
71 3 177
3 74 107
74 3 107
3 75 77
75 3 77
3 76 348
76 3 348
3 77 115
77 3 115
3 78 145
78 3 145
3 79 72
79 3 72
3 80 415
80 3 415
3 83 281
83 3 281
3 87 257
87 3 257
3 88 71
88 3 71
3 89 181
89 3 181
3 94 203
94 3 203
3 96 204
96 3 204
3 98 206
98 3 206
3 99 262
99 3 262
3 102 136
102 3 136
3 106 271
106 3 271
3 109 184
109 3 184
3 110 164
110 3 164
3 111 326
111 3 326
3 113 58
113 3 58
3 116 338
116 3 338
3 117 286
117 3 286
3 118 189
118 3 189
3 120 81
120 3 81
3 123 143
123 3 143
3 124 161
124 3 161
3 127 222
127 3 222
3 129 263
129 3 263
3 134 355
134 3 355
3 135 264
135 3 264
3 136 171
136 3 171
3 138 293
138 3 293
3 140 346
140 3 346
3 142 181
142 3 181
3 143 227
143 3 227
3 146 247
146 3 247
3 147 327
147 3 327
3 148 239
148 3 239
3 149 339
149 3 339
3 150 172
150 3 172
3 152 164
152 3 164
3 153 112
153 3 112
3 156 210
156 3 210
3 157 219
157 3 219
3 160 157
160 3 157
3 161 256
161 3 256
3 162 367
162 3 367
3 163 185
163 3 185
3 164 193
164 3 193
3 166 123
166 3 123
3 167 331
167 3 331
3 168 26
168 3 26
3 169 305
169 3 305
3 170 69
170 3 69
3 171 174
171 3 174
3 172 100
172 3 100
3 174 148
174 3 148
3 177 259
177 3 259
3 178 319
178 3 319
3 181 304
181 3 304
3 189 267
189 3 267
3 190 177
190 3 177
3 191 178
191 3 178
3 194 51
194 3 51
3 196 219
196 3 219
3 197 87
197 3 87
3 198 115
198 3 115
3 199 213
199 3 213
3 201 145
201 3 145
3 203 250
203 3 250
3 206 212
206 3 212
3 207 289
207 3 289
3 208 326
208 3 326
3 209 190
209 3 190
3 210 228
210 3 228
3 211 77
211 3 77
3 212 77
212 3 77
3 215 126
215 3 126
3 216 214
216 3 214
3 217 27
217 3 27
3 218 184
218 3 184
3 219 189
219 3 189
3 220 213
220 3 213
3 221 338
221 3 338
3 222 197
222 3 197
3 225 142
225 3 142
3 226 160
226 3 160
3 227 286
227 3 286
3 228 196
228 3 196
3 229 143
229 3 143
3 231 145
231 3 145
3 232 116
232 3 116
3 233 366
233 3 366
3 236 341
236 3 341
3 240 60
240 3 60
3 241 333
241 3 333
3 242 218
242 3 218
3 243 354
243 3 354
3 244 265
244 3 265
3 245 200
245 3 200
3 250 258
250 3 258
3 252 111
252 3 111
3 253 281
253 3 281
3 254 104
254 3 104
3 255 324
255 3 324
3 256 159
256 3 159
3 259 225
259 3 225
3 260 115
260 3 115
3 263 133
263 3 133
3 264 78
264 3 78
3 267 221
267 3 221
3 269 134
269 3 134
3 273 328
273 3 328
3 274 281
274 3 281
3 275 347
275 3 347
3 276 92
276 3 92
3 277 261
277 3 261
3 279 101
279 3 101
3 281 291
281 3 291
3 282 290
282 3 290
3 283 125
283 3 125
3 285 116
285 3 116
3 287 423
287 3 423
3 288 277
288 3 277
3 289 140
289 3 140
3 293 304
293 3 304
3 298 176
298 3 176
3 299 288
299 3 288
3 310 296
310 3 296
3 313 192
313 3 192
3 315 172
315 3 172
3 316 150
316 3 150
3 318 225
318 3 225
3 319 198
319 3 198
3 320 376
320 3 376
3 321 329
321 3 329
3 323 113
323 3 113
3 324 280
324 3 280
3 326 282
326 3 282
3 328 416
328 3 416
3 330 107
330 3 107
3 333 195
333 3 195
3 335 259
335 3 259
3 339 254
339 3 254
3 340 104
340 3 104
3 341 162
341 3 162
3 342 294
342 3 294
3 344 167
344 3 167
3 347 295
347 3 295
3 348 143
348 3 143
3 350 200
350 3 200
3 351 309
351 3 309
3 354 285
354 3 285
3 355 59
355 3 59
3 356 130
356 3 130
3 357 278
357 3 278
3 358 299
358 3 299
3 360 358
360 3 358
3 361 265
361 3 265
3 363 227
363 3 227
3 364 88
364 3 88
3 366 309
366 3 309
3 367 347
367 3 347
3 372 303
372 3 303
3 376 341
376 3 341
3 378 185
378 3 185
3 380 370
380 3 370
3 382 33
382 3 33
3 386 216
386 3 216
3 387 157
387 3 157
3 388 125
388 3 125
3 389 185
389 3 185
3 390 343
390 3 343
3 392 318
392 3 318
3 397 275
397 3 275
3 399 341
399 3 341
3 400 302
400 3 302
3 401 392
401 3 392
3 402 395
402 3 395
3 407 230
407 3 230
3 409 334
409 3 334
3 411 227
411 3 227
3 412 349
412 3 349
3 414 137
414 3 137
3 415 116
415 3 116
3 416 153
416 3 153
3 417 193
417 3 193
3 419 207
419 3 207
3 421 92
421 3 92
3 424 46
424 3 46
3 426 292
426 3 292
3 428 256
428 3 256
3 429 142
429 3 142
3 430 282
430 3 282
3 432 350
432 3 350
3 434 43
434 3 43
3 436 92
436 3 92
3 437 102
437 3 102
3 440 357
440 3 357
3 443 112
443 3 112
3 447 244
447 3 244
3 449 287
449 3 287
3 450 60
450 3 60
3 453 306
453 3 306
3 455 314
455 3 314
3 456 416
456 3 416
3 461 190
461 3 190
3 463 202
463 3 202
3 467 148
467 3 148
3 468 276
468 3 276
3 469 114
469 3 114
3 471 59
471 3 59
3 473 172
473 3 172
3 474 166
474 3 166
3 478 94
478 3 94
3 481 171
481 3 171
3 482 165
482 3 165
3 487 205
487 3 205
3 488 298
488 3 298
3 490 315
490 3 315
3 494 358
494 3 358
3 496 165
496 3 165
3 497 249
497 3 249
4 6 182
6 4 182
4 7 286
7 4 286
4 8 391
8 4 391
4 9 416
9 4 416
4 12 399
12 4 399
4 15 287
15 4 287
4 16 70
16 4 70
4 20 75
20 4 75
4 21 351
21 4 351
4 24 62
24 4 62
4 29 580
29 4 580
4 30 187
30 4 187
4 31 310
31 4 310
4 32 397
32 4 397
4 37 343
37 4 343
4 38 499
38 4 499
4 40 278
40 4 278
4 41 499
41 4 499
4 43 328
43 4 328
4 44 567
44 4 567
4 51 448
51 4 448
4 56 338
56 4 338
4 57 279
57 4 279
4 58 146
58 4 146
4 59 378
59 4 378
4 60 252
60 4 252
4 61 581
61 4 581
4 63 474
63 4 474
4 65 394
65 4 394
4 67 401
67 4 401
4 69 332
69 4 332
4 70 151
70 4 151
4 72 196
72 4 196
4 74 241
74 4 241
4 75 197
75 4 197
4 78 41
78 4 41
4 81 387
81 4 387
4 82 64
82 4 64
4 83 302
83 4 302
4 84 194
84 4 194
4 88 154
88 4 154
4 91 318
91 4 318
4 96 266
96 4 266
4 97 218
97 4 218
4 98 350
98 4 350
4 100 95
100 4 95
4 103 156
103 4 156
4 108 451
108 4 451
4 111 358
111 4 358
4 113 212
113 4 212
4 116 481
116 4 481
4 118 197
118 4 197
4 119 272
119 4 272
4 120 83
120 4 83
4 124 295
124 4 295
4 125 337
125 4 337
4 127 345
127 4 345
4 128 567
128 4 567
4 131 261
131 4 261
4 132 455
132 4 455
4 133 334
133 4 334
4 137 372
137 4 372
4 139 234
139 4 234
4 140 486
140 4 486
4 141 425
141 4 425
4 142 190
142 4 190
4 144 114
144 4 114
4 146 262
146 4 262
4 148 390
148 4 390
4 149 395
149 4 395
4 151 395
151 4 395
4 153 268
153 4 268
4 156 348
156 4 348
4 158 244
158 4 244
4 159 289
159 4 289
4 160 308
160 4 308
4 162 478
162 4 478
4 164 305
164 4 305
4 166 254
166 4 254
4 169 455
169 4 455
4 171 223
171 4 223
4 172 243
172 4 243
4 173 164
173 4 164
4 174 282
174 4 282
4 175 415
175 4 415
4 176 126
176 4 126
4 177 413
177 4 413
4 180 258
180 4 258
4 181 292
181 4 292
4 182 377
182 4 377
4 183 264
183 4 264
4 186 452
186 4 452
4 187 581
187 4 581
4 189 294
189 4 294
4 190 255
190 4 255
4 192 370
192 4 370
4 193 371
193 4 371
4 196 303
196 4 303
4 198 247
198 4 247
4 200 437
200 4 437
4 201 108
201 4 108
4 203 370
203 4 370
4 204 398
204 4 398
4 206 367
206 4 367
4 215 234
215 4 234
4 221 336
221 4 336
4 222 312
222 4 312
4 224 286
224 4 286
4 226 275
226 4 275
4 228 170
228 4 170
4 229 228
229 4 228
4 230 43
230 4 43
4 232 261
232 4 261
4 234 226
234 4 226
4 235 12
235 4 12
4 236 426
236 4 426
4 237 356
237 4 356
4 238 297
238 4 297
4 240 201
240 4 201
4 241 481
241 4 481
4 246 49
246 4 49
4 248 351
248 4 351
4 250 371
250 4 371
4 253 431
253 4 431
4 256 262
256 4 262
4 258 463
258 4 463
4 259 96
259 4 96
4 261 328
261 4 328
4 263 285
263 4 285
4 264 194
264 4 194
4 267 186
267 4 186
4 270 215
270 4 215
4 276 236
276 4 236
4 277 383
277 4 383
4 278 341
278 4 341
4 280 450
280 4 450
4 281 427
281 4 427
4 282 444
282 4 444
4 284 143
284 4 143
4 285 40
285 4 40
4 287 560
287 4 560
4 288 431
288 4 431
4 296 440
296 4 440
4 298 283
298 4 283
4 300 294
300 4 294
4 301 410
301 4 410
4 302 111
302 4 111
4 306 325
306 4 325
4 307 426
307 4 426
4 309 227
309 4 227
4 312 429
312 4 429
4 315 318
315 4 318
4 316 138
316 4 138
4 320 522
320 4 522
4 321 485
321 4 485
4 323 246
323 4 246
4 324 420
324 4 420
4 325 91
325 4 91
4 326 408
326 4 408
4 327 282
327 4 282
4 329 498
329 4 498
4 330 217
330 4 217
4 331 444
331 4 444
4 334 129
334 4 129
4 337 201
337 4 201
4 344 91
344 4 91
4 346 315
346 4 315
4 348 86
348 4 86
4 353 201
353 4 201
4 354 409
354 4 409
4 355 170
355 4 170
4 358 312
358 4 312
4 361 398
361 4 398
4 366 464
366 4 464
4 370 356
370 4 356
4 371 326
371 4 326
4 372 401
372 4 401
4 377 224
377 4 224
4 379 490
379 4 490
4 380 513
380 4 513
4 382 189
382 4 189
4 383 245
383 4 245
4 384 316
384 4 316
4 385 260
385 4 260
4 386 309
386 4 309
4 387 14
387 4 14
4 389 339
389 4 339
4 390 465
390 4 465
4 391 98
391 4 98
4 392 363
392 4 363
4 393 43
393 4 43
4 396 225
396 4 225
4 398 356
398 4 356
4 400 404
400 4 404
4 401 534
401 4 534
4 404 356
404 4 356
4 405 427
405 4 427
4 409 447
409 4 447
4 412 409
412 4 409
4 413 419
413 4 419
4 414 282
414 4 282
4 416 297
416 4 297
4 417 343
417 4 343
4 418 432
418 4 432
4 420 229
420 4 229
4 422 103
422 4 103
4 423 70
423 4 70
4 427 433
427 4 433
4 428 404
428 4 404
4 434 167
434 4 167
4 435 15
435 4 15
4 436 106
436 4 106
4 437 228
437 4 228
4 443 243
443 4 243
4 452 404
452 4 404
4 453 373
453 4 373
4 454 464
454 4 464
4 455 470
455 4 470
4 457 217
457 4 217
4 458 314
458 4 314
4 459 385
459 4 385
4 460 255
460 4 255
4 461 302
461 4 302
4 467 212
467 4 212
4 471 102
471 4 102
4 472 363
472 4 363
4 476 374
476 4 374
4 477 249
477 4 249
4 479 392
479 4 392
4 481 313
481 4 313
4 482 199
482 4 199
4 484 448
484 4 448
4 485 239
485 4 239
4 487 228
487 4 228
4 488 398
488 4 398
4 489 282
489 4 282
4 499 484
499 4 484
5 8 279
8 5 279
5 11 98
11 5 98
5 12 205
12 5 205
5 13 339
13 5 339
5 15 176
15 5 176
5 18 353
18 5 353
5 21 353
21 5 353
5 25 251
25 5 251
5 26 125
26 5 125
5 34 261
34 5 261
5 35 96
35 5 96
5 39 342
39 5 342
5 40 135
40 5 135
5 41 348
41 5 348
5 43 135
43 5 135
5 48 333
48 5 333
5 54 262
54 5 262
5 56 166
56 5 166
5 60 115
60 5 115
5 61 409
61 5 409
5 63 277
63 5 277
5 64 155
64 5 155
5 66 253
66 5 253
5 67 220
67 5 220
5 69 219
69 5 219
5 72 177
72 5 177
5 73 184
73 5 184
5 76 307
76 5 307
5 79 111
79 5 111
5 81 207
81 5 207
5 82 162
82 5 162
5 83 291
83 5 291
5 86 186
86 5 186
5 88 89
88 5 89
5 89 215
89 5 215
5 91 303
91 5 303
5 92 152
92 5 152
5 94 169
94 5 169
5 95 342
95 5 342
5 99 220
99 5 220
5 100 140
100 5 140
5 104 111
104 5 111
5 108 281
108 5 281
5 109 153
109 5 153
5 110 129
110 5 129
5 111 332
111 5 332
5 114 167
114 5 167
5 115 250
115 5 250
5 117 255
117 5 255
5 118 210
118 5 210
5 121 224
121 5 224
5 126 204
126 5 204
5 127 196
127 5 196
5 129 273
129 5 273
5 130 234
130 5 234
5 131 290
131 5 290
5 132 257
132 5 257
5 133 288
133 5 288
5 134 320
134 5 320
5 138 300
138 5 300
5 139 261
139 5 261
5 141 227
141 5 227
5 142 202
142 5 202
5 144 172
144 5 172
5 146 262
146 5 262
5 149 336
149 5 336
5 151 220
151 5 220
5 152 206
152 5 206
5 153 71
153 5 71
5 154 176
154 5 176
5 155 205
155 5 205
5 158 54
158 5 54
5 159 249
159 5 249
5 160 117
160 5 117
5 161 214
161 5 214
5 162 344
162 5 344
5 163 224
163 5 224
5 164 173
164 5 173
5 166 99
166 5 99
5 168 28
168 5 28
5 169 267
169 5 267
5 173 79
173 5 79
5 176 131
176 5 131
5 179 340
179 5 340
5 180 138
180 5 138
5 184 256
184 5 256
5 186 254
186 5 254
5 188 59
188 5 59
5 189 277
189 5 277
5 190 177
190 5 177
5 192 306
192 5 306
5 193 314
193 5 314
5 195 182
195 5 182
5 201 178
201 5 178
5 203 224
203 5 224
5 205 323
205 5 323
5 206 170
206 5 170
5 208 296
208 5 296
5 209 230
209 5 230
5 213 147
213 5 147
5 215 116
215 5 116
5 216 193
216 5 193
5 217 31
217 5 31
5 218 143
218 5 143
5 219 199
219 5 199
5 222 175
222 5 175
5 224 271
224 5 271
5 225 137
225 5 137
5 226 144
226 5 144
5 227 272
227 5 272
5 229 144
229 5 144
5 230 157
230 5 157
5 231 186
231 5 186
5 233 335
233 5 335
5 234 279
234 5 279
5 236 328
236 5 328
5 237 328
237 5 328
5 238 147
238 5 147
5 240 46
240 5 46
5 241 296
241 5 296
5 242 215
242 5 215
5 243 350
243 5 350
5 246 246
246 5 246
5 247 25
247 5 25
5 248 157
248 5 157
5 250 238
250 5 238
5 251 236
251 5 236
5 253 241
253 5 241
5 254 132
254 5 132
5 255 316
255 5 316
5 257 134
257 5 134
5 258 307
258 5 307
5 267 248
267 5 248
5 271 349
271 5 349
5 272 144
272 5 144
5 274 240
274 5 240
5 276 66
276 5 66
5 277 234
277 5 234
5 281 256
281 5 256
5 282 249
282 5 249
5 283 148
283 5 148
5 284 240
284 5 240
5 285 158
285 5 158
5 286 276
286 5 276
5 287 389
287 5 389
5 288 236
288 5 236
5 289 124
289 5 124
5 290 178
290 5 178
5 292 147
292 5 147
5 293 295
293 5 295
5 294 264
294 5 264
5 296 243
296 5 243
5 297 209
297 5 209
5 299 283
299 5 283
5 300 191
300 5 191
5 301 303
301 5 303
5 303 180
303 5 180
5 304 173
304 5 173
5 305 248
305 5 248
5 306 183
306 5 183
5 307 230
307 5 230
5 308 170
308 5 170
5 309 116
309 5 116
5 310 254
310 5 254
5 311 261
311 5 261
5 313 231
313 5 231
5 315 135
315 5 135
5 316 177
316 5 177
5 318 185
318 5 185
5 319 166
319 5 166
5 323 89
323 5 89
5 325 182
325 5 182
5 326 255
326 5 255
5 329 329
329 5 329
5 332 172
332 5 172
5 333 230
333 5 230
5 334 68
334 5 68
5 335 236
335 5 236
5 336 309
336 5 309
5 338 304
338 5 304
5 340 145
340 5 145
5 344 203
344 5 203
5 345 176
345 5 176
5 346 290
346 5 290
5 350 219
350 5 219
5 354 257
354 5 257
5 355 71
355 5 71
5 356 132
356 5 132
5 357 244
357 5 244
5 358 311
358 5 311
5 361 235
361 5 235
5 363 189
363 5 189
5 364 113
364 5 113
5 367 316
367 5 316
5 368 163
368 5 163
5 371 171
371 5 171
5 373 185
373 5 185
5 374 174
374 5 174
5 379 309
379 5 309
5 380 334
380 5 334
5 381 123
381 5 123
5 384 263
384 5 263
5 385 283
385 5 283
5 386 205
386 5 205
5 389 143
389 5 143
5 391 168
391 5 168
5 393 236
393 5 236
5 394 167
394 5 167
5 396 84
396 5 84
5 397 233
397 5 233
5 399 320
399 5 320
5 402 365
402 5 365
5 403 220
403 5 220
5 405 241
405 5 241
5 406 280
406 5 280
5 418 249
418 5 249
5 423 132
423 5 132
5 424 76
424 5 76
5 425 233
425 5 233
5 426 302
426 5 302
5 427 277
427 5 277
5 428 217
428 5 217
5 429 164
429 5 164
5 430 240
430 5 240
5 431 271
431 5 271
5 432 331
432 5 331
5 433 134
433 5 134
5 435 213
435 5 213
5 438 29
438 5 29
5 439 6
439 5 6
5 441 269
441 5 269
5 443 89
443 5 89
5 444 216
444 5 216
5 447 214
447 5 214
5 448 47
448 5 47
5 451 401
451 5 401
5 454 266
454 5 266
5 455 272
455 5 272
5 456 379
456 5 379
5 458 171
458 5 171
5 459 253
459 5 253
5 460 62
460 5 62
5 462 230
462 5 230
5 463 170
463 5 170
5 465 41
465 5 41
5 466 210
466 5 210
5 467 154
467 5 154
5 469 142
469 5 142
5 470 145
470 5 145
5 472 200
472 5 200
5 473 211
473 5 211
5 474 129
474 5 129
5 475 232
475 5 232
5 480 247
480 5 247
5 483 171
483 5 171
5 484 281
484 5 281
5 486 194
486 5 194
5 490 317
490 5 317
5 491 332
491 5 332
5 492 98
492 5 98
5 494 356
494 5 356
5 495 339
495 5 339
5 496 163
496 5 163
5 497 259
497 5 259
5 498 90
498 5 90
5 499 320
499 5 320
6 7 169
7 6 169
6 8 209
8 6 209
6 9 262
9 6 262
6 14 15
14 6 15
6 15 298
15 6 298
6 20 112
20 6 112
6 21 230
21 6 230
6 22 134
22 6 134
6 24 121
24 6 121
6 27 263
27 6 263
6 28 381
28 6 381
6 29 407
29 6 407
6 30 56
30 6 56
6 31 210
31 6 210
6 33 347
33 6 347
6 34 380
34 6 380
6 35 101
35 6 101
6 37 220
37 6 220
6 39 230
39 6 230
6 41 318
41 6 318
6 44 396
44 6 396
6 46 187
46 6 187
6 47 126
47 6 126
6 49 294
49 6 294
6 50 356
50 6 356
6 55 225
55 6 225
6 59 205
59 6 205
6 61 405
61 6 405
6 62 342
62 6 342
6 63 346
63 6 346
6 70 54
70 6 54
6 72 52
72 6 52
6 73 202
73 6 202
6 80 389
80 6 389
6 83 169
83 6 169
6 86 163
86 6 163
6 90 286
90 6 286
6 91 182
91 6 182
6 95 329
95 6 329
6 97 143
97 6 143
6 98 190
98 6 190
6 102 76
102 6 76
6 103 208
103 6 208
6 106 233
106 6 233
6 107 108
107 6 108
6 110 164
110 6 164
6 112 29
112 6 29
6 115 226
115 6 226
6 116 312
116 6 312
6 117 247
117 6 247
6 120 107
120 6 107
6 123 217
123 6 217
6 124 255
124 6 255
6 125 159
125 6 159
6 126 322
126 6 322
6 127 321
127 6 321
6 128 392
128 6 392
6 131 165
131 6 165
6 136 172
136 6 172
6 137 189
137 6 189
6 138 180
138 6 180
6 139 137
139 6 137
6 140 315
140 6 315
6 141 310
141 6 310
6 147 421
147 6 421
6 151 337
151 6 337
6 152 181
152 6 181
6 153 161
153 6 161
6 156 297
156 6 297
6 158 127
158 6 127
6 160 227
160 6 227
6 161 305
161 6 305
6 163 245
163 6 245
6 165 68
165 6 68
6 167 306
167 6 306
6 168 99
168 6 99
6 170 179
170 6 179
6 171 62
171 6 62
6 172 105
172 6 105
6 173 177
173 6 177
6 174 119
174 6 119
6 175 370
175 6 370
6 176 202
176 6 202
6 177 310
177 6 310
6 178 251
178 6 251
6 179 321
179 6 321
6 182 350
182 6 350
6 184 250
184 6 250
6 187 409
187 6 409
6 190 75
190 6 75
6 192 204
192 6 204
6 196 123
196 6 123
6 200 256
200 6 256
6 202 313
202 6 313
6 203 348
203 6 348
6 204 226
204 6 226
6 206 240
206 6 240
6 208 417
208 6 417
6 209 165
209 6 165
6 210 315
210 6 315
6 211 112
211 6 112
6 213 28
213 6 28
6 216 152
216 6 152
6 217 96
217 6 96
6 219 77
219 6 77
6 221 228
221 6 228
6 222 300
222 6 300
6 223 139
223 6 139
6 229 46
229 6 46
6 231 152
231 6 152
6 233 322
233 6 322
6 236 248
236 6 248
6 239 127
239 6 127
6 240 84
240 6 84
6 241 319
241 6 319
6 243 248
243 6 248
6 244 366
244 6 366
6 247 130
247 6 130
6 249 25
249 6 25
6 250 188
250 6 188
6 251 358
251 6 358
6 253 342
253 6 342
6 254 203
254 6 203
6 255 223
255 6 223
6 256 80
256 6 80
6 257 58
257 6 58
6 259 276
259 6 276
6 260 17
260 6 17
6 264 189
264 6 189
6 268 288
268 6 288
6 269 224
269 6 224
6 270 40
270 6 40
6 272 32
272 6 32
6 277 358
277 6 358
6 278 187
278 6 187
6 279 181
279 6 181
6 280 348
280 6 348
6 281 374
281 6 374
6 282 302
282 6 302
6 285 157
285 6 157
6 286 153
286 6 153
6 287 385
287 6 385
6 291 75
291 6 75
6 292 258
292 6 258
6 293 205
293 6 205
6 296 308
296 6 308
6 297 196
297 6 196
6 298 283
298 6 283
6 299 186
299 6 186
6 300 112
300 6 112
6 301 229
301 6 229
6 304 73
304 6 73
6 305 361
305 6 361
6 308 185
308 6 185
6 310 332
310 6 332
6 311 370
311 6 370
6 313 163
313 6 163
6 314 167
314 6 167
6 316 246
316 6 246
6 323 215
323 6 215
6 324 249
324 6 249
6 325 112
325 6 112
6 327 222
327 6 222
6 328 389
328 6 389
6 334 116
334 6 116
6 336 252
336 6 252
6 337 192
337 6 192
6 342 301
342 6 301
6 343 115
343 6 115
6 344 240
344 6 240
6 347 196
347 6 196
6 351 290
351 6 290
6 352 61
352 6 61
6 353 128
353 6 128
6 356 242
356 6 242
6 359 143
359 6 143
6 360 279
360 6 279
6 361 224
361 6 224
6 366 349
366 6 349
6 368 45
368 6 45
6 370 319
370 6 319
6 371 153
371 6 153
6 377 91
377 6 91
6 378 206
378 6 206
6 380 345
380 6 345
6 381 218
381 6 218
6 384 153
384 6 153
6 385 157
385 6 157
6 386 127
386 6 127
6 387 175
387 6 175
6 388 206
388 6 206
6 389 240
389 6 240
6 392 208
392 6 208
6 393 225
393 6 225
6 395 170
395 6 170
6 398 221
398 6 221
6 400 221
400 6 221
6 402 346
402 6 346
6 405 348
405 6 348
6 407 279
407 6 279
6 408 154
408 6 154
6 410 53
410 6 53
6 412 244
412 6 244
6 417 197
417 6 197
6 419 257
419 6 257
6 421 35
421 6 35
6 422 215
422 6 215
6 423 154
423 6 154
6 424 72
424 6 72
6 434 70
434 6 70
6 435 196
435 6 196
6 436 76
436 6 76
6 437 209
437 6 209
6 442 198
442 6 198
6 443 214
443 6 214
6 446 177
446 6 177
6 447 337
447 6 337
6 448 155
448 6 155
6 449 283
449 6 283
6 450 152
450 6 152
6 451 395
451 6 395
6 452 284
452 6 284
6 456 389
456 6 389
6 458 297
458 6 297
6 459 202
459 6 202
6 462 117
462 6 117
6 463 292
463 6 292
6 465 166
465 6 166
6 466 309
466 6 309
6 467 260
467 6 260
6 468 314
468 6 314
6 469 211
469 6 211
6 473 229
473 6 229
6 474 245
474 6 245
6 475 254
475 6 254
6 478 183
478 6 183
6 481 256
481 6 256
6 483 55
483 6 55
6 484 273
484 6 273
6 485 191
485 6 191
6 488 216
488 6 216
6 489 148
489 6 148
6 491 253
491 6 253
6 496 68
496 6 68
7 9 140
9 7 140
7 10 309
10 7 309
7 11 75
11 7 75
7 13 341
13 7 341
7 14 160
14 7 160
7 17 322
17 7 322
7 18 339
18 7 339
7 20 215
20 7 215
7 22 59
22 7 59
7 26 214
26 7 214
7 27 353
27 7 353
7 30 224
30 7 224
7 31 44
31 7 44
7 32 153
32 7 153
7 33 288
33 7 288
7 35 78
35 7 78
7 38 237
38 7 237
7 44 303
44 7 303
7 47 83
47 7 83
7 48 249
48 7 249
7 50 277
50 7 277
7 51 222
51 7 222
7 52 278
52 7 278
7 53 159
53 7 159
7 55 361
55 7 361
7 57 170
57 7 170
7 58 208
58 7 208
7 59 148
59 7 148
7 60 145
60 7 145
7 61 327
61 7 327
7 65 177
65 7 177
7 71 177
71 7 177
7 72 217
72 7 217
7 73 107
73 7 107
7 74 84
74 7 84
7 75 114
75 7 114
7 76 216
76 7 216
7 77 130
77 7 130
7 78 276
78 7 276
7 80 292
80 7 292
7 86 134
86 7 134
7 89 285
89 7 285
7 91 317
91 7 317
7 92 231
92 7 231
7 93 259
93 7 259
7 95 266
95 7 266
7 98 97
98 7 97
7 99 141
99 7 141
7 100 230
100 7 230
7 102 234
102 7 234
7 107 192
107 7 192
7 108 239
108 7 239
7 111 337
111 7 337
7 113 82
113 7 82
7 114 254
114 7 254
7 116 219
116 7 219
7 118 254
118 7 254
7 119 29
119 7 29
7 120 207
120 7 207
7 123 70
123 7 70
7 124 128
124 7 128
7 126 166
126 7 166
7 127 188
127 7 188
7 129 293
129 7 293
7 132 168
132 7 168
7 133 289
133 7 289
7 134 238
134 7 238
7 136 56
136 7 56
7 137 206
137 7 206
7 138 312
138 7 312
7 142 248
142 7 248
7 143 267
143 7 267
7 144 259
144 7 259
7 146 289
146 7 289
7 147 273
147 7 273
7 148 133
148 7 133
7 149 325
149 7 325
7 151 179
151 7 179
7 156 148
156 7 148
7 158 45
158 7 45
7 160 71
160 7 71
7 161 136
161 7 136
7 163 315
163 7 315
7 165 234
165 7 234
7 166 123
166 7 123
7 167 211
167 7 211
7 170 169
170 7 169
7 172 64
172 7 64
7 174 86
174 7 86
7 175 215
175 7 215
7 176 217
176 7 217
7 177 141
177 7 141
7 178 240
178 7 240
7 179 267
179 7 267
7 180 133
180 7 133
7 181 353
181 7 353
7 182 210
182 7 210
7 183 31
183 7 31
7 184 182
184 7 182
7 185 252
185 7 252
7 186 169
186 7 169
7 188 124
188 7 124
7 190 185
190 7 185
7 191 46
191 7 46
7 193 306
193 7 306
7 194 131
194 7 131
7 195 273
195 7 273
7 197 129
197 7 129
7 198 120
198 7 120
7 199 310
199 7 310
7 200 290
200 7 290
7 209 309
209 7 309
7 211 62
211 7 62
7 213 196
213 7 196
7 214 166
214 7 166
7 215 160
215 7 160
7 216 151
216 7 151
7 218 79
218 7 79
7 219 224
219 7 224
7 220 179
220 7 179
7 226 126
226 7 126
7 227 237
227 7 237
7 231 272
231 7 272
7 232 85
232 7 85
7 235 290
235 7 290
7 242 212
242 7 212
7 243 336
243 7 336
7 245 171
245 7 171
7 246 335
246 7 335
7 248 91
248 7 91
7 250 193
250 7 193
7 251 207
251 7 207
7 252 162
252 7 162
7 254 218
254 7 218
7 256 145
256 7 145
7 257 203
