272 366
124532
0 2 383
2 0 383
0 4 197
4 0 197
0 8 160
8 0 160
0 10 228
10 0 228
0 11 322
11 0 322
0 12 207
12 0 207
0 14 154
14 0 154
0 19 324
19 0 324
0 21 187
21 0 187
0 24 145
24 0 145
0 27 178
27 0 178
0 29 187
29 0 187
0 31 256
31 0 256
0 32 237
32 0 237
0 34 108
34 0 108
0 41 343
41 0 343
0 42 190
42 0 190
0 45 144
45 0 144
0 47 317
47 0 317
0 50 292
50 0 292
0 52 133
52 0 133
0 53 187
53 0 187
0 54 325
54 0 325
0 55 361
55 0 361
0 56 174
56 0 174
0 57 237
57 0 237
0 58 99
58 0 99
0 59 381
59 0 381
0 60 194
60 0 194
0 62 382
62 0 382
0 63 68
63 0 68
0 64 356
64 0 356
0 65 357
65 0 357
0 69 438
69 0 438
0 70 260
70 0 260
0 73 289
73 0 289
0 74 342
74 0 342
0 77 360
77 0 360
0 78 304
78 0 304
0 79 373
79 0 373
0 80 132
80 0 132
0 82 325
82 0 325
0 83 213
83 0 213
0 89 102
89 0 102
0 90 226
90 0 226
0 91 255
91 0 255
0 95 153
95 0 153
0 96 331
96 0 331
0 99 211
99 0 211
0 100 266
100 0 266
0 102 119
102 0 119
0 107 173
107 0 173
0 111 147
111 0 147
0 113 20
113 0 20
0 118 373
118 0 373
0 119 76
119 0 76
0 122 180
122 0 180
0 125 249
125 0 249
0 128 375
128 0 375
0 129 357
129 0 357
0 130 150
130 0 150
0 131 10
131 0 10
0 132 325
132 0 325
0 134 228
134 0 228
0 137 130
137 0 130
0 138 273
138 0 273
0 139 272
139 0 272
0 140 136
140 0 136
0 144 234
144 0 234
0 146 176
146 0 176
0 148 121
148 0 121
0 151 325
151 0 325
0 152 93
152 0 93
0 154 134
154 0 134
0 156 49
156 0 49
0 157 50
157 0 50
0 159 132
159 0 132
0 160 357
160 0 357
0 164 37
164 0 37
0 167 228
167 0 228
0 170 466
170 0 466
0 173 110
173 0 110
0 174 21
174 0 21
0 176 224
176 0 224
0 179 213
179 0 213
0 180 123
180 0 123
0 182 125
182 0 125
0 183 234
183 0 234
0 186 266
186 0 266
0 189 314
189 0 314
0 190 249
190 0 249
0 192 356
192 0 356
0 194 62
194 0 62
0 195 342
195 0 342
0 196 180
196 0 180
0 197 72
197 0 72
0 200 186
200 0 186
0 206 415
206 0 415
0 208 186
208 0 186
0 213 184
213 0 184
0 214 194
214 0 194
0 215 292
215 0 292
0 216 93
216 0 93
0 217 332
217 0 332
0 218 382
218 0 382
0 220 314
220 0 314
0 221 109
221 0 109
0 222 127
222 0 127
0 224 200
224 0 200
0 229 315
229 0 315
0 230 148
230 0 148
0 233 125
233 0 125
0 235 175
235 0 175
0 238 133
238 0 133
0 239 210
239 0 210
0 240 203
240 0 203
0 241 110
241 0 110
0 243 434
243 0 434
0 246 203
246 0 203
0 247 208
247 0 208
0 248 53
248 0 53
0 250 52
250 0 52
0 251 113
251 0 113
0 252 321
252 0 321
0 253 336
253 0 336
0 254 175
254 0 175
0 256 140
256 0 140
0 257 295
257 0 295
0 258 210
258 0 210
0 261 159
261 0 159
0 264 382
264 0 382
0 266 299
266 0 299
0 267 81
267 0 81
0 268 143
268 0 143
0 269 186
269 0 186
0 270 355
270 0 355
0 272 267
272 0 267
0 273 184
273 0 184
0 274 452
274 0 452
0 277 266
277 0 266
0 282 161
282 0 161
0 283 90
283 0 90
0 285 374
285 0 374
0 287 189
287 0 189
0 291 60
291 0 60
0 293 356
293 0 356
0 294 147
294 0 147
0 295 293
295 0 293
0 297 74
297 0 74
0 299 298
299 0 298
0 303 388
303 0 388
0 305 272
305 0 272
0 306 229
306 0 229
0 308 165
308 0 165
0 311 291
311 0 291
0 312 431
312 0 431
0 314 116
314 0 116
0 315 333
315 0 333
0 318 358
318 0 358
0 319 378
319 0 378
0 320 413
320 0 413
0 321 383
321 0 383
0 323 282
323 0 282
0 330 384
330 0 384
0 331 161
331 0 161
0 332 265
332 0 265
0 336 147
336 0 147
0 337 328
337 0 328
0 339 378
339 0 378
0 341 227
341 0 227
0 343 295
343 0 295
0 344 216
344 0 216
0 346 258
346 0 258
0 349 399
349 0 399
0 351 130
351 0 130
0 352 173
352 0 173
0 355 216
355 0 216
0 356 251
356 0 251
0 357 433
357 0 433
0 360 1
360 0 1
0 363 367
363 0 367
0 364 229
364 0 229
0 365 388
365 0 388
0 368 196
368 0 196
0 379 14
379 0 14
0 380 420
380 0 420
0 385 261
385 0 261
0 386 277
386 0 277
0 387 145
387 0 145
0 388 313
388 0 313
0 391 132
391 0 132
0 395 191
395 0 191
0 401 123
401 0 123
0 404 177
404 0 177
0 405 135
405 0 135
0 409 143
409 0 143
0 410 232
410 0 232
0 412 390
412 0 390
0 413 295
413 0 295
0 415 296
415 0 296
0 418 81
418 0 81
0 419 269
419 0 269
0 420 406
420 0 406
0 421 179
421 0 179
0 422 179
422 0 179
0 423 259
423 0 259
0 425 355
425 0 355
0 426 164
426 0 164
0 429 239
429 0 239
0 431 358
431 0 358
0 435 364
435 0 364
0 437 287
437 0 287
0 438 377
438 0 377
0 439 51
439 0 51
0 440 158
440 0 158
0 442 230
442 0 230
0 443 212
443 0 212
0 445 178
445 0 178
0 449 341
449 0 341
0 451 80
451 0 80
0 452 271
452 0 271
0 453 248
453 0 248
0 455 202
455 0 202
0 457 330
457 0 330
0 460 170
460 0 170
0 461 321
461 0 321
0 465 140
465 0 140
0 466 131
466 0 131
0 467 271
467 0 271
0 468 294
468 0 294
0 470 144
470 0 144
0 473 337
473 0 337
0 474 209
474 0 209
0 476 53
476 0 53
0 477 440
477 0 440
0 478 295
478 0 295
0 483 276
483 0 276
0 484 295
484 0 295
0 485 47
485 0 47
0 492 376
492 0 376
0 493 194
493 0 194
0 496 173
496 0 173
0 498 94
498 0 94
0 499 265
499 0 265
1 2 211
2 1 211
1 3 276
3 1 276
1 4 256
4 1 256
1 6 110
6 1 110
1 9 152
9 1 152
1 12 188
12 1 188
1 16 172
16 1 172
1 17 251
17 1 251
1 18 35
18 1 35
1 20 254
20 1 254
1 24 202
24 1 202
1 25 108
25 1 108
1 26 221
26 1 221
1 30 290
30 1 290
1 31 135
31 1 135
1 34 190
34 1 190
1 36 178
36 1 178
1 38 192
38 1 192
1 39 209
39 1 209
1 40 132
40 1 132
1 43 149
43 1 149
1 44 75
44 1 75
1 51 364
51 1 364
1 52 225
52 1 225
1 53 179
53 1 179
1 59 203
59 1 203
1 60 93
60 1 93
1 61 234
61 1 234
1 65 272
65 1 272
1 66 235
66 1 235
1 67 102
67 1 102
1 68 69
68 1 69
1 70 145
70 1 145
1 71 214
71 1 214
1 72 37
72 1 37
1 73 143
73 1 143
1 74 204
74 1 204
1 78 174
78 1 174
1 79 265
79 1 265
1 80 267
80 1 267
1 83 348
83 1 348
1 84 372
84 1 372
1 85 126
85 1 126
1 87 315
87 1 315
1 88 265
88 1 265
1 89 268
89 1 268
1 90 359
90 1 359
1 91 107
91 1 107
1 92 108
92 1 108
1 99 138
99 1 138
1 101 102
101 1 102
1 102 67
102 1 67
1 107 133
107 1 133
1 110 263
110 1 263
1 113 182
113 1 182
1 114 208
114 1 208
1 115 196
115 1 196
1 117 167
117 1 167
1 120 86
120 1 86
1 121 134
121 1 134
1 122 217
122 1 217
1 124 117
124 1 117
1 128 212
128 1 212
1 129 228
129 1 228
1 130 167
130 1 167
1 133 307
133 1 307
1 137 259
137 1 259
1 138 351
138 1 351
1 139 197
139 1 197
1 140 227
140 1 227
1 141 263
141 1 263
1 143 111
143 1 111
1 149 180
149 1 180
1 150 222
150 1 222
1 152 259
152 1 259
1 153 234
153 1 234
1 154 250
154 1 250
1 156 162
156 1 162
1 160 172
160 1 172
1 161 182
161 1 182
1 163 215
163 1 215
1 164 172
164 1 172
1 165 219
165 1 219
1 166 223
166 1 223
1 167 175
167 1 175
1 169 74
169 1 74
1 172 270
172 1 270
1 173 155
173 1 155
1 174 193
174 1 193
1 176 359
176 1 359
1 179 123
179 1 123
1 180 264
180 1 264
1 181 325
181 1 325
1 183 57
183 1 57
1 185 318
185 1 318
1 186 197
186 1 197
1 187 202
187 1 202
1 189 180
189 1 180
1 190 353
190 1 353
1 191 356
191 1 356
1 192 212
192 1 212
1 193 270
193 1 270
1 194 217
194 1 217
1 195 228
195 1 228
1 196 275
196 1 275
1 199 241
199 1 241
1 201 184
201 1 184
1 202 289
202 1 289
1 203 201
203 1 201
1 209 260
209 1 260
1 210 353
210 1 353
1 214 301
214 1 301
1 215 176
215 1 176
1 216 267
216 1 267
1 217 148
217 1 148
1 219 125
219 1 125
1 221 229
221 1 229
1 226 251
226 1 251
1 227 286
227 1 286
1 229 183
229 1 183
1 230 168
230 1 168
1 231 216
231 1 216
1 234 234
234 1 234
1 238 67
238 1 67
1 239 194
239 1 194
1 241 99
241 1 99
1 242 340
242 1 340
1 245 236
245 1 236
1 247 280
247 1 280
1 248 231
248 1 231
1 254 95
254 1 95
1 256 115
256 1 115
1 257 199
257 1 199
1 258 94
258 1 94
1 260 58
260 1 58
1 261 188
261 1 188
1 270 170
270 1 170
1 273 2
273 1 2
1 274 324
274 1 324
1 276 243
276 1 243
1 277 193
277 1 193
1 279 318
279 1 318
1 282 316
282 1 316
1 284 67
284 1 67
1 285 296
285 1 296
1 288 121
288 1 121
1 289 74
289 1 74
1 291 159
291 1 159
1 292 63
292 1 63
1 293 196
293 1 196
1 295 108
295 1 108
1 297 228
297 1 228
1 298 53
298 1 53
1 299 329
299 1 329
1 300 166
300 1 166
1 301 141
301 1 141
1 305 281
305 1 281
1 306 277
306 1 277
1 309 17
309 1 17
1 312 266
312 1 266
1 313 148
313 1 148
1 314 226
314 1 226
1 315 248
315 1 248
1 316 126
316 1 126
1 317 76
317 1 76
1 319 195
319 1 195
1 323 124
323 1 124
1 325 237
325 1 237
1 327 133
327 1 133
1 331 237
331 1 237
1 333 90
333 1 90
1 336 175
336 1 175
1 340 183
340 1 183
1 341 89
341 1 89
1 342 216
342 1 216
1 344 134
344 1 134
1 352 21
352 1 21
1 354 94
354 1 94
1 355 332
355 1 332
1 357 267
357 1 267
1 358 133
358 1 133
1 359 239
359 1 239
1 361 108
361 1 108
1 363 244
363 1 244
1 364 203
364 1 203
1 365 204
365 1 204
1 367 164
367 1 164
1 368 192
368 1 192
1 369 103
369 1 103
1 370 288
370 1 288
1 371 43
371 1 43
1 372 199
372 1 199
1 373 256
373 1 256
1 374 110
374 1 110
1 375 284
375 1 284
1 376 262
376 1 262
1 378 182
378 1 182
1 379 171
379 1 171
1 382 25
382 1 25
1 386 382
386 1 382
1 387 160
387 1 160
1 389 257
389 1 257
1 392 247
392 1 247
1 394 211
394 1 211
1 396 226
396 1 226
1 399 265
399 1 265
1 401 279
401 1 279
1 402 238
402 1 238
1 403 77
403 1 77
1 404 38
404 1 38
1 407 192
407 1 192
1 411 165
411 1 165
1 412 207
412 1 207
1 413 242
413 1 242
1 414 120
414 1 120
1 416 311
416 1 311
1 419 345
419 1 345
1 420 224
420 1 224
1 421 49
421 1 49
1 422 130
422 1 130
1 423 90
423 1 90
1 427 112
427 1 112
1 429 312
429 1 312
1 432 132
432 1 132
1 434 271
434 1 271
1 435 180
435 1 180
1 437 266
437 1 266
1 438 253
438 1 253
1 441 305
441 1 305
1 445 281
445 1 281
1 449 170
449 1 170
1 450 264
450 1 264
1 451 127
451 1 127
1 454 283
454 1 283
1 455 86
455 1 86
1 456 252
456 1 252
1 457 189
457 1 189
1 458 327
458 1 327
1 461 158
461 1 158
1 463 229
463 1 229
1 465 236
465 1 236
1 466 55
466 1 55
1 467 89
467 1 89
1 468 173
468 1 173
1 470 229
470 1 229
1 471 151
471 1 151
1 474 205
474 1 205
1 475 164
475 1 164
1 476 237
476 1 237
1 478 135
478 1 135
1 483 264
483 1 264
1 485 226
485 1 226
1 486 178
486 1 178
1 487 218
487 1 218
1 489 86
489 1 86
1 490 285
490 1 285
1 491 287
491 1 287
1 492 192
492 1 192
1 493 151
493 1 151
1 496 87
496 1 87
2 3 354
3 2 354
2 4 460
4 2 460
2 11 251
11 2 251
2 13 184
13 2 184
2 14 510
14 2 510
2 15 110
15 2 110
2 16 169
16 2 169
2 17 220
17 2 220
2 18 222
18 2 222
2 21 420
21 2 420
2 22 261
22 2 261
2 25 227
25 2 227
2 27 468
27 2 468
2 28 266
28 2 266
2 29 226
29 2 226
2 32 363
32 2 363
2 35 261
35 2 261
2 38 403
38 2 403
2 39 284
39 2 284
2 40 324
40 2 324
2 41 82
41 2 82
2 43 107
43 2 107
2 44 267
44 2 267
2 46 183
46 2 183
2 47 230
47 2 230
2 48 474
48 2 474
2 49 506
49 2 506
2 50 132
50 2 132
2 51 452
51 2 452
2 53 274
53 2 274
2 55 247
55 2 247
2 56 338
56 2 338
2 59 178
59 2 178
2 60 198
60 2 198
2 61 87
61 2 87
2 62 87
62 2 87
2 64 281
64 2 281
2 65 209
65 2 209
2 66 431
66 2 431
2 70 155
70 2 155
2 71 132
71 2 132
2 72 228
72 2 228
2 74 99
74 2 99
2 75 480
75 2 480
2 76 378
76 2 378
2 78 282
78 2 282
2 79 171
79 2 171
2 82 179
82 2 179
2 83 487
83 2 487
2 84 486
84 2 486
2 87 358
87 2 358
2 90 495
90 2 495
2 92 302
92 2 302
2 95 351
95 2 351
2 96 173
96 2 173
2 100 313
100 2 313
2 101 212
101 2 212
2 102 267
102 2 267
2 108 225
108 2 225
2 111 264
111 2 264
2 115 217
115 2 217
2 116 387
116 2 387
2 121 327
121 2 327
2 123 495
123 2 495
2 125 152
125 2 152
2 127 355
127 2 355
2 128 34
128 2 34
2 130 372
130 2 372
2 131 385
131 2 385
2 133 277
133 2 277
2 137 412
137 2 412
2 138 441
138 2 441
2 139 204
139 2 204
2 141 467
141 2 467
2 142 511
142 2 511
2 144 445
144 2 445
2 145 321
145 2 321
2 148 263
148 2 263
2 149 163
149 2 163
2 150 320
150 2 320
2 151 157
151 2 157
2 152 437
152 2 437
2 153 367
153 2 367
2 156 371
156 2 371
2 159 371
159 2 371
2 161 182
161 2 182
2 162 446
162 2 446
2 165 423
165 2 423
2 167 352
167 2 352
2 169 285
169 2 285
2 171 112
171 2 112
2 174 396
174 2 396
2 175 231
175 2 231
2 177 250
177 2 250
2 178 452
178 2 452
2 180 475
180 2 475
2 182 449
182 2 449
2 183 192
183 2 192
2 184 424
184 2 424
2 185 409
185 2 409
2 186 212
186 2 212
2 193 438
193 2 438
2 196 484
196 2 484
2 198 200
198 2 200
2 199 328
199 2 328
2 200 207
200 2 207
2 203 380
203 2 380
2 204 389
204 2 389
2 207 444
207 2 444
2 208 247
208 2 247
2 212 457
212 2 457
2 213 246
213 2 246
2 215 145
215 2 145
2 216 472
216 2 472
2 220 129
220 2 129
2 222 443
222 2 443
2 224 412
224 2 412
2 225 310
225 2 310
2 226 452
226 2 452
2 227 180
227 2 180
2 230 373
230 2 373
2 231 424
231 2 424
2 232 190
232 2 190
2 234 96
234 2 96
2 236 139
236 2 139
2 237 353
237 2 353
2 238 250
238 2 250
2 239 270
239 2 270
2 240 456
240 2 456
2 241 310
241 2 310
2 242 477
242 2 477
2 248 434
248 2 434
2 250 334
250 2 334
2 253 170
253 2 170
2 257 174
257 2 174
2 261 306
261 2 306
2 262 319
262 2 319
2 265 259
265 2 259
2 266 104
266 2 104
2 267 321
267 2 321
2 270 98
270 2 98
2 272 209
272 2 209
2 273 210
273 2 210
2 274 168
274 2 168
2 280 196
280 2 196
2 281 156
281 2 156
2 282 477
282 2 477
2 283 473
283 2 473
2 285 232
285 2 232
2 286 348
286 2 348
2 289 136
289 2 136
2 291 369
291 2 369
2 292 186
292 2 186
2 293 46
293 2 46
2 294 323
294 2 323
2 296 345
296 2 345
2 297 404
297 2 404
2 298 247
298 2 247
2 300 125
300 2 125
2 301 349
301 2 349
2 308 236
308 2 236
2 311 463
311 2 463
2 312 256
312 2 256
2 314 438
314 2 438
2 317 207
317 2 207
2 318 220
318 2 220
2 320 92
320 2 92
2 321 73
321 2 73
2 322 412
322 2 412
2 323 103
323 2 103
2 325 285
325 2 285
2 326 144
326 2 144
2 330 194
330 2 194
2 335 235
335 2 235
2 336 302
336 2 302
2 338 157
338 2 157
2 339 134
339 2 134
2 340 88
340 2 88
2 344 201
344 2 201
2 345 289
345 2 289
2 346 479
346 2 479
2 347 68
347 2 68
2 348 339
348 2 339
2 349 276
349 2 276
2 351 421
351 2 421
2 352 215
352 2 215
2 353 222
353 2 222
2 355 542
355 2 542
2 356 222
356 2 222
2 358 328
358 2 328
2 360 382
360 2 382
2 362 326
362 2 326
2 363 136
363 2 136
2 365 64
365 2 64
2 366 485
366 2 485
2 368 387
368 2 387
2 370 469
370 2 469
2 373 433
373 2 433
2 374 123
374 2 123
2 377 48
377 2 48
2 378 205
378 2 205
2 380 80
380 2 80
2 381 200
381 2 200
2 383 305
383 2 305
2 384 366
384 2 366
2 385 199
385 2 199
2 387 290
387 2 290
2 391 350
391 2 350
2 395 373
395 2 373
2 396 399
396 2 399
2 398 230
398 2 230
2 399 423
399 2 423
2 401 446
401 2 446
2 403 282
403 2 282
2 404 207
404 2 207
2 407 367
407 2 367
2 408 453
408 2 453
2 411 115
411 2 115
2 414 290
414 2 290
2 416 329
416 2 329
2 417 400
417 2 400
2 419 435
419 2 435
2 423 202
423 2 202
2 424 370
424 2 370
2 425 85
425 2 85
2 427 132
427 2 132
2 428 259
428 2 259
2 431 127
431 2 127
2 435 134
435 2 134
2 437 289
437 2 289
2 440 404
440 2 404
2 442 493
442 2 493
2 443 205
443 2 205
2 444 424
444 2 424
2 447 140
447 2 140
2 449 41
449 2 41
2 450 427
450 2 427
2 452 311
452 2 311
2 454 455
454 2 455
2 455 187
455 2 187
2 459 182
459 2 182
2 460 350
460 2 350
2 462 156
462 2 156
2 465 447
465 2 447
2 470 438
470 2 438
2 471 203
471 2 203
2 473 180
473 2 180
2 474 397
474 2 397
2 475 367
475 2 367
2 483 300
483 2 300
2 486 378
486 2 378
2 488 405
488 2 405
2 489 159
489 2 159
2 490 495
490 2 495
2 491 498
491 2 498
2 492 83
492 2 83
2 497 186
497 2 186
2 499 289
499 2 289
3 4 431
4 3 431
3 7 234
7 3 234
3 8 394
8 3 394
3 9 127
9 3 127
3 14 384
14 3 384
3 16 185
16 3 185
3 25 385
25 3 385
3 26 496
26 3 496
3 29 154
29 3 154
3 31 408
31 3 408
3 32 434
32 3 434
3 34 130
34 3 130
3 36 454
36 3 454
3 37 40
37 3 40
3 39 485
39 3 485
3 40 213
40 3 213
3 41 277
41 3 277
3 42 264
42 3 264
3 43 249
43 3 249
3 48 238
48 3 238
3 50 222
50 3 222
3 52 370
52 3 370
3 56 370
56 3 370
3 57 164
57 3 164
3 58 280
58 3 280
3 59 455
59 3 455
3 62 405
62 3 405
3 63 219
63 3 219
3 64 489
64 3 489
3 65 200
65 3 200
3 67 336
67 3 336
3 70 201
70 3 201
3 71 236
71 3 236
3 72 241
72 3 241
3 76 308
76 3 308
3 77 483
77 3 483
3 79 238
79 3 238
3 81 499
81 3 499
3 82 411
82 3 411
3 83 160
83 3 160
3 85 290
85 3 290
3 86 287
86 3 287
3 87 60
87 3 60
3 91 242
91 3 242
3 93 46
93 3 46
3 94 383
94 3 383
3 96 204
96 3 204
3 100 434
100 3 434
3 101 179
101 3 179
3 103 208
103 3 208
3 105 364
105 3 364
3 106 80
106 3 80
3 109 186
109 3 186
3 111 288
111 3 288
3 112 407
112 3 407
3 113 257
113 3 257
3 116 398
116 3 398
3 117 127
117 3 127
3 118 474
118 3 474
3 120 280
120 3 280
3 121 214
121 3 214
3 123 395
123 3 395
3 124 364
124 3 364
3 125 211
125 3 211
3 127 144
127 3 144
3 128 327
128 3 327
3 131 248
131 3 248
3 133 157
133 3 157
3 136 266
136 3 266
3 137 139
137 3 139
3 138 86
138 3 86
3 139 152
139 3 152
3 140 373
140 3 373
3 146 348
146 3 348
3 148 205
148 3 205
3 151 399
151 3 399
3 153 92
153 3 92
3 154 123
154 3 123
3 160 392
160 3 392
3 162 295
162 3 295
3 165 278
165 3 278
3 167 422
167 3 422
3 168 486
168 3 486
3 169 290
169 3 290
3 171 335
171 3 335
3 176 166
176 3 166
3 177 117
177 3 117
3 178 139
178 3 139
3 181 330
181 3 330
3 186 143
186 3 143
3 188 149
188 3 149
3 189 243
189 3 243
3 191 333
191 3 333
3 194 189
194 3 189
3 195 229
195 3 229
3 196 419
196 3 419
3 200 272
200 3 272
3 201 442
201 3 442
3 202 145
202 3 145
3 204 45
204 3 45
3 205 155
205 3 155
3 207 290
207 3 290
3 208 321
208 3 321
3 209 120
209 3 120
3 215 209
215 3 209
3 216 311
216 3 311
3 217 393
217 3 393
3 219 380
219 3 380
3 222 366
222 3 366
3 223 398
223 3 398
3 224 423
224 3 423
3 225 304
225 3 304
3 229 241
229 3 241
3 230 365
230 3 365
3 232 166
232 3 166
3 235 128
235 3 128
3 237 46
237 3 46
3 239 89
239 3 89
3 243 311
243 3 311
3 244 136
244 3 136
3 246 318
246 3 318
3 247 445
247 3 445
3 251 134
251 3 134
3 252 118
252 3 118
3 256 163
256 3 163
3 257 185
257 3 185
3 258 361
258 3 361
3 260 267
260 3 267
3 261 93
261 3 93
3 263 365
263 3 365
3 267 267
267 3 267
3 268 168
268 3 168
3 269 318
269 3 318
3 271 138
271 3 138
3 273 274
273 3 274
3 274 324
274 3 324
3 275 196
275 3 196
3 280 216
280 3 216
3 283 296
283 3 296
3 284 237
284 3 237
3 287 397
287 3 397
3 288 384
288 3 384
3 289 292
289 3 292
3 291 286
291 3 286
3 293 309
293 3 309
3 295 343
295 3 343
3 296 113
296 3 113
3 297 183
297 3 183
3 298 234
298 3 234
3 302 214
302 3 214
3 304 397
304 3 397
3 305 46
305 3 46
3 309 277
309 3 277
3 310 344
310 3 344
3 311 109
311 3 109
3 312 530
312 3 530
3 314 354
314 3 354
3 317 204
317 3 204
3 318 460
318 3 460
3 320 326
320 3 326
3 321 398
321 3 398
3 323 267
323 3 267
3 324 237
324 3 237
3 326 220
326 3 220
3 328 187
328 3 187
3 331 397
331 3 397
3 336 108
336 3 108
3 337 445
337 3 445
3 339 429
339 3 429
3 342 490
342 3 490
3 347 286
347 3 286
3 348 274
348 3 274
3 349 519
349 3 519
3 352 254
352 3 254
3 353 225
353 3 225
3 356 132
356 3 132
3 359 80
359 3 80
3 360 237
360 3 237
3 362 75
362 3 75
3 363 255
363 3 255
3 366 386
366 3 386
3 367 437
367 3 437
3 372 248
372 3 248
3 373 196
373 3 196
3 374 344
374 3 344
3 378 448
378 3 448
3 379 235
379 3 235
3 380 341
380 3 341
3 381 348
381 3 348
3 382 267
382 3 267
3 383 310
383 3 310
3 384 162
384 3 162
3 391 340
391 3 340
3 393 220
393 3 220
3 395 400
395 3 400
3 401 181
401 3 181
3 402 65
402 3 65
3 404 238
404 3 238
3 406 262
406 3 262
3 408 438
408 3 438
3 409 124
409 3 124
3 411 395
411 3 395
3 412 393
412 3 393
3 419 81
419 3 81
3 420 464
420 3 464
3 421 229
421 3 229
3 423 364
423 3 364
3 424 254
424 3 254
3 426 402
426 3 402
3 427 239
427 3 239
3 430 49
430 3 49
3 433 410
433 3 410
3 435 418
435 3 418
3 438 264
438 3 264
3 439 274
439 3 274
3 443 162
443 3 162
3 444 129
444 3 129
3 445 416
445 3 416
3 447 436
447 3 436
3 448 105
448 3 105
3 452 438
452 3 438
3 456 358
456 3 358
3 459 467
459 3 467
3 460 68
460 3 68
3 464 358
464 3 358
3 465 378
465 3 378
3 467 307
467 3 307
3 468 218
468 3 218
3 469 183
469 3 183
3 471 156
471 3 156
3 474 425
474 3 425
3 475 250
475 3 250
3 476 242
476 3 242
3 477 279
477 3 279
3 479 466
479 3 466
3 481 233
481 3 233
3 483 71
483 3 71
3 485 274
485 3 274
3 488 222
488 3 222
3 491 391
491 3 391
3 492 398
492 3 398
3 498 326
498 3 326
4 5 356
5 4 356
4 8 37
8 4 37
4 10 413
10 4 413
4 11 279
11 4 279
4 12 95
12 4 95
4 14 125
14 4 125
4 17 399
17 4 399
4 18 263
18 4 263
4 20 509
20 4 509
4 23 376
23 4 376
4 26 308
26 4 308
4 27 364
27 4 364
4 29 339
29 4 339
4 31 211
31 4 211
4 34 301
34 4 301
4 36 282
36 4 282
4 37 457
37 4 457
4 38 78
38 4 78
4 40 221
40 4 221
4 42 272
42 4 272
4 47 288
47 4 288
4 50 418
50 4 418
4 51 481
51 4 481
4 53 363
53 4 363
4 55 526
55 4 526
4 56 123
56 4 123
4 58 170
58 4 170
4 59 374
59 4 374
4 60 325
60 4 325
4 63 246
63 4 246
4 66 47
66 4 47
4 70 391
70 4 391
4 71 466
71 4 466
4 72 258
72 4 258
4 73 256
73 4 256
4 74 460
74 4 460
4 75 381
75 4 381
4 76 124
76 4 124
4 77 309
77 4 309
4 80 103
80 4 103
4 83 400
83 4 400
4 84 455
84 4 455
4 86 197
86 4 197
4 87 489
87 4 489
4 91 362
91 4 362
4 94 334
94 4 334
4 98 130
98 4 130
4 101 325
101 4 325
4 103 339
103 4 339
4 108 360
108 4 360
4 111 203
111 4 203
4 112 299
112 4 299
4 114 103
114 4 103
4 116 75
116 4 75
4 118 342
118 4 342
4 119 153
119 4 153
4 123 91
123 4 91
4 124 155
124 4 155
4 125 374
125 4 374
4 127 288
127 4 288
4 130 89
130 4 89
4 131 187
131 4 187
4 132 274
132 4 274
4 134 263
134 4 263
4 136 257
136 4 257
4 137 325
137 4 325
4 138 470
138 4 470
4 139 427
139 4 427
4 142 91
142 4 91
4 149 424
149 4 424
4 150 382
150 4 382
4 153 346
153 4 346
4 155 459
155 4 459
4 158 99
158 4 99
4 160 392
160 4 392
4 162 166
162 4 166
4 167 133
167 4 133
4 169 185
169 4 185
4 170 607
170 4 607
4 171 544
171 4 544
4 172 233
172 4 233
4 173 111
173 4 111
4 174 177
174 4 177
4 178 371
178 4 371
4 181 581
181 4 581
4 185 446
185 4 446
4 186 424
186 4 424
4 187 409
187 4 409
4 188 479
188 4 479
4 189 435
189 4 435
4 192 468
192 4 468
4 193 301
193 4 301
4 196 46
196 4 46
4 198 393
198 4 393
4 199 401
199 4 401
4 201 163
201 4 163
4 209 340
209 4 340
4 211 410
211 4 410
4 214 70
214 4 70
4 216 172
216 4 172
4 219 326
219 4 326
4 220 443
220 4 443
4 221 94
221 4 94
4 228 100
228 4 100
4 232 393
232 4 393
4 233 315
233 4 315
4 234 490
234 4 490
4 236 478
236 4 478
4 237 386
237 4 386
4 238 256
238 4 256
4 239 386
239 4 386
4 241 166
241 4 166
4 242 400
242 4 400
4 243 560
243 4 560
4 247 25
247 4 25
4 248 178
248 4 178
4 249 432
249 4 432
4 250 196
250 4 196
4 251 299
251 4 299
4 254 169
254 4 169
4 255 340
255 4 340
4 256 297
256 4 297
4 257 440
257 4 440
4 261 344
261 4 344
4 262 153
262 4 153
4 263 99
263 4 99
4 266 356
266 4 356
4 267 176
267 4 176
4 268 297
268 4 297
4 270 391
270 4 391
4 271 495
271 4 495
4 274 579
274 4 579
4 275 390
275 4 390
4 276 395
276 4 395
4 277 422
277 4 422
4 279 571
279 4 571
4 281 353
281 4 353
4 282 341
282 4 341
4 283 192
283 4 192
4 284 320
284 4 320
4 285 533
285 4 533
4 287 94
287 4 94
4 289 326
289 4 326
4 290 486
290 4 486
4 293 451
293 4 451
4 294 138
294 4 138
4 297 268
297 4 268
4 300 419
300 4 419
4 302 246
302 4 246
4 303 396
303 4 396
4 305 460
305 4 460
4 306 423
306 4 423
4 309 240
309 4 240
4 310 388
310 4 388
4 313 130
313 4 130
4 314 85
314 4 85
4 316 240
316 4 240
4 317 305
317 4 305
4 319 429
319 4 429
4 321 427
321 4 427
4 322 318
322 4 318
4 323 381
323 4 381
4 324 210
324 4 210
4 326 458
326 4 458
4 327 139
327 4 139
4 328 287
328 4 287
4 329 461
329 4 461
4 332 452
332 4 452
4 335 569
335 4 569
4 337 294
337 4 294
4 340 407
340 4 407
4 343 375
343 4 375
4 344 362
344 4 362
4 350 208
350 4 208
4 352 262
352 4 262
4 353 546
353 4 546
4 354 176
354 4 176
4 355 99
355 4 99
4 360 198
360 4 198
4 363 497
363 4 497
4 364 403
364 4 403
4 370 279
370 4 279
4 372 453
372 4 453
4 373 276
373 4 276
4 374 340
374 4 340
4 375 490
375 4 490
4 377 474
377 4 474
4 378 333
378 4 333
4 383 162
383 4 162
4 386 470
386 4 470
4 387 323
387 4 323
4 389 256
389 4 256
4 390 243
390 4 243
4 391 114
391 4 114
4 393 241
393 4 241
4 395 93
395 4 93
4 397 295
397 4 295
4 398 229
398 4 229
4 399 319
399 4 319
4 401 308
401 4 308
4 402 429
402 4 429
4 405 251
405 4 251
4 409 320
409 4 320
4 410 427
410 4 427
4 413 463
413 4 463
4 414 266
414 4 266
4 417 65
417 4 65
4 418 240
418 4 240
4 419 466
419 4 466
4 420 408
420 4 408
4 422 336
422 4 336
4 423 268
423 4 268
4 424 177
424 4 177
4 425 468
425 4 468
4 427 367
427 4 367
4 429 436
429 4 436
4 431 486
431 4 486
4 434 525
434 4 525
4 436 118
436 4 118
4 438 507
438 4 507
4 439 181
439 4 181
4 440 355
440 4 355
4 441 379
441 4 379
4 445 58
445 4 58
4 447 396
447 4 396
4 449 422
449 4 422
4 451 156
451 4 156
4 452 197
452 4 197
4 454 297
454 4 297
4 455 326
455 4 326
4 456 101
456 4 101
4 460 364
460 4 364
4 464 128
464 4 128
4 465 61
465 4 61
4 466 234
466 4 234
4 467 337
467 4 337
4 468 423
468 4 423
4 471 378
471 4 378
4 473 484
473 4 484
4 475 181
475 4 181
4 476 219
476 4 219
4 479 277
479 4 277
4 481 226
481 4 226
4 484 477
484 4 477
4 486 83
486 4 83
4 488 224
488 4 224
4 489 305
489 4 305
4 491 100
491 4 100
4 492 417
492 4 417
4 493 356
493 4 356
4 494 377
494 4 377
4 495 424
495 4 424
4 498 139
498 4 139
4 499 446
499 4 446
5 7 355
7 5 355
5 9 349
9 5 349
5 10 416
10 5 416
5 11 78
11 5 78
5 13 89
13 5 89
5 16 307
16 5 307
5 19 116
19 5 116
5 20 268
20 5 268
5 24 402
24 5 402
5 25 115
25 5 115
5 29 310
29 5 310
5 30 490
30 5 490
5 32 230
32 5 230
5 33 437
33 5 437
5 35 342
35 5 342
5 36 77
36 5 77
5 37 459
37 5 459
5 40 330
40 5 330
5 41 261
41 5 261
5 42 208
42 5 208
5 44 277
44 5 277
5 48 484
48 5 484
5 50 279
50 5 279
5 51 558
51 5 558
5 55 421
55 5 421
5 60 270
60 5 270
5 61 284
61 5 284
5 64 87
64 5 87
5 65 386
65 5 386
5 71 307
71 5 307
5 72 240
72 5 240
5 74 278
74 5 278
5 75 538
75 5 538
5 77 66
77 5 66
5 78 116
78 5 116
5 79 358
79 5 358
5 80 415
80 5 415
5 81 53
81 5 53
5 86 235
86 5 235
5 88 468
88 5 468
5 89 467
89 5 467
5 90 562
90 5 562
5 91 229
91 5 229
5 98 424
98 5 424
5 101 285
101 5 285
5 102 267
102 5 267
5 103 256
103 5 256
5 104 61
104 5 61
5 106 385
106 5 385
5 107 237
107 5 237
5 108 25
108 5 25
5 109 307
109 5 307
5 110 377
110 5 377
5 113 366
113 5 366
5 114 363
114 5 363
5 115 21
115 5 21
5 116 282
116 5 282
5 118 23
118 5 23
5 121 332
121 5 332
5 122 411
122 5 411
5 123 423
123 5 423
5 124 212
124 5 212
5 125 263
125 5 263
5 126 499
126 5 499
5 129 305
129 5 305
5 131 371
131 5 371
5 132 87
132 5 87
5 133 445
133 5 445
5 136 213
136 5 213
5 137 462
137 5 462
5 138 545
138 5 545
5 140 361
140 5 361
5 142 433
142 5 433
5 143 223
143 5 223
5 145 288
145 5 288
5 146 214
146 5 214
5 149 309
149 5 309
5 153 436
153 5 436
5 158 280
158 5 280
5 161 322
161 5 322
5 166 418
166 5 418
5 168 27
168 5 27
5 170 421
170 5 421
5 171 315
171 5 315
5 172 461
172 5 461
5 174 377
174 5 377
5 177 393
177 5 393
5 180 417
180 5 417
5 181 368
181 5 368
5 183 145
183 5 145
5 184 526
184 5 526
5 185 512
185 5 512
5 186 348
186 5 348
5 187 88
187 5 88
5 189 273
189 5 273
5 191 406
191 5 406
5 193 471
193 5 471
5 196 394
196 5 394
5 199 430
199 5 430
5 200 204
200 5 204
5 202 492
202 5 492
5 206 40
206 5 40
5 207 417
207 5 417
5 209 463
209 5 463
5 210 552
210 5 552
5 211 176
211 5 176
5 214 422
214 5 422
5 216 441
216 5 441
5 217 75
217 5 75
5 218 231
218 5 231
5 220 292
220 5 292
5 224 299
224 5 299
5 225 259
225 5 259
5 228 339
228 5 339
5 230 288
230 5 288
5 231 337
231 5 337
5 232 311
232 5 311
5 235 501
235 5 501
5 236 318
236 5 318
5 237 443
237 5 443
5 238 270
238 5 270
5 240 526
240 5 526
5 242 543
242 5 543
5 244 332
244 5 332
5 245 428
245 5 428
5 247 380
247 5 380
5 248 412
248 5 412
5 249 155
249 5 155
5 250 324
250 5 324
5 251 370
251 5 370
5 253 342
253 5 342
5 254 211
254 5 211
5 256 314
256 5 314
5 257 327
257 5 327
5 258 173
258 5 173
5 259 72
259 5 72
5 260 197
260 5 197
5 262 203
262 5 203
5 264 70
264 5 70
5 265 390
265 5 390
5 266 141
266 5 141
5 267 294
267 5 294
5 269 189
269 5 189
5 270 105
270 5 105
5 273 204
273 5 204
5 274 370
274 5 370
5 277 343
277 5 343
5 282 518
282 5 518
5 283 450
283 5 450
5 284 226
284 5 226
5 287 262
287 5 262
5 289 172
289 5 172
5 290 566
290 5 566
5 291 332
291 5 332
5 294 248
294 5 248
5 295 123
295 5 123
5 296 404
296 5 404
5 297 428
297 5 428
5 298 256
298 5 256
5 299 509
299 5 509
5 303 59
303 5 59
5 304 326
304 5 326
5 305 457
305 5 457
5 306 469
306 5 469
5 307 494
307 5 494
5 309 211
309 5 211
5 313 308
313 5 308
5 314 372
314 5 372
5 320 294
320 5 294
5 322 459
322 5 459
5 325 410
325 5 410
5 327 295
327 5 295
5 329 464
329 5 464
5 332 448
332 5 448
5 338 296
338 5 296
5 339 70
339 5 70
5 341 239
341 5 239
5 345 393
345 5 393
5 346 566
346 5 566
5 349 73
349 5 73
5 353 409
353 5 409
5 356 350
356 5 350
5 359 409
359 5 409
5 362 408
362 5 408
5 372 285
372 5 285
5 376 437
376 5 437
5 378 24
378 5 24
5 379 362
379 5 362
5 384 398
384 5 398
5 385 332
385 5 332
5 386 581
386 5 581
5 387 358
387 5 358
5 390 351
390 5 351
5 392 66
392 5 66
5 393 280
393 5 280
5 395 264
395 5 264
5 397 126
397 5 126
5 399 468
399 5 468
5 405 262
405 5 262
5 408 342
408 5 342
5 411 90
411 5 90
5 412 150
412 5 150
5 414 323
414 5 323
5 415 101
415 5 101
5 421 239
421 5 239
5 424 352
424 5 352
5 429 508
429 5 508
5 431 313
431 5 313
5 432 129
432 5 129
5 433 443
433 5 443
5 434 335
434 5 335
5 435 68
435 5 68
5 438 327
438 5 327
5 441 508
441 5 508
5 443 303
443 5 303
5 445 404
445 5 404
5 449 193
449 5 193
5 450 466
450 5 466
5 451 300
451 5 300
5 460 430
460 5 430
5 461 59
461 5 59
5 464 244
464 5 244
5 465 370
465 5 370
5 469 428
469 5 428
5 471 314
471 5 314
5 472 534
472 5 534
5 473 352
473 5 352
5 475 350
475 5 350
5 476 429
476 5 429
5 478 213
478 5 213
5 480 454
480 5 454
5 483 433
483 5 433
5 485 407
485 5 407
5 487 316
487 5 316
5 489 121
489 5 121
5 493 333
493 5 333
5 494 308
494 5 308
5 495 181
495 5 181
5 496 209
496 5 209
5 499 420
499 5 420
6 7 274
7 6 274
6 8 316
8 6 316
6 9 237
9 6 237
6 12 253
12 6 253
6 13 61
13 6 61
6 16 187
16 6 187
6 17 162
17 6 162
6 18 136
18 6 136
6 19 177
19 6 177
6 22 274
22 6 274
6 24 291
24 6 291
6 25 102
25 6 102
6 26 174
26 6 174
6 27 419
27 6 419
6 29 193
29 6 193
6 30 378
30 6 378
6 33 337
33 6 337
6 42 107
42 6 107
6 43 129
43 6 129
6 44 182
44 6 182
6 48 398
48 6 398
6 50 161
50 6 161
6 57 463
57 6 463
6 59 109
59 6 109
6 63 353
63 6 353
6 64 174
64 6 174
6 65 271
65 6 271
6 69 193
69 6 193
6 75 434
75 6 434
6 76 271
76 6 271
6 78 162
78 6 162
6 80 369
80 6 369
6 81 164
81 6 164
6 85 77
85 6 77
6 87 370
87 6 370
6 89 375
89 6 375
6 90 456
90 6 456
6 92 179
92 6 179
6 93 321
93 6 321
6 94 40
94 6 40
6 96 228
96 6 228
6 98 370
98 6 370
6 101 169
101 6 169
6 102 177
102 6 177
6 104 182
104 6 182
6 105 54
105 6 54
6 114 311
114 6 311
6 116 264
116 6 264
6 119 241
119 6 241
6 122 296
122 6 296
6 123 383
123 6 383
6 124 184
124 6 184
6 127 296
127 6 296
6 128 142
128 6 142
6 129 198
129 6 198
6 131 294
131 6 294
6 138 429
138 6 429
6 143 187
143 6 187
6 146 177
146 6 177
6 148 186
148 6 186
6 149 189
149 6 189
6 151 55
151 6 55
6 154 348
154 6 348
6 155 471
155 6 471
6 159 254
159 6 254
6 160 62
160 6 62
6 161 202
161 6 202
6 164 282
164 6 282
6 166 333
166 6 333
6 168 141
168 6 141
6 169 176
169 6 176
6 175 306
175 6 306
6 179 170
179 6 170
6 180 367
180 6 367
6 181 277
181 6 277
6 182 387
182 6 387
6 183 71
183 6 71
6 187 92
187 6 92
6 189 159
189 6 159
6 190 440
190 6 440
6 193 375
193 6 375
6 194 325
194 6 325
6 195 213
195 6 213
6 196 366
196 6 366
6 198 200
198 6 200
6 200 109
200 6 109
6 203 308
203 6 308
6 205 207
205 6 207
6 207 349
207 6 349
6 209 358
209 6 358
6 210 438
210 6 438
6 213 217
213 6 217
6 214 394
214 6 394
6 216 376
216 6 376
6 217 47
217 6 47
6 220 177
220 6 177
6 221 331
221 6 331
6 222 330
222 6 330
6 225 199
225 6 199
6 227 265
227 6 265
6 233 281
233 6 281
6 235 395
235 6 395
6 243 260
243 6 260
6 244 218
244 6 218
6 248 341
248 6 341
6 249 93
249 6 93
6 255 302
255 6 302
6 256 204
256 6 204
6 257 208
257 6 208
6 258 143
258 6 143
6 263 361
263 6 361
6 265 269
265 6 269
6 269 127
269 6 127
6 270 60
270 6 60
6 271 300
271 6 300
6 272 83
272 6 83
6 276 319
276 6 319
6 277 222
277 6 222
6 284 109
284 6 109
6 291 267
291 6 267
6 292 63
292 6 63
6 293 134
293 6 134
6 294 205
294 6 205
6 295 2
295 6 2
6 296 297
296 6 297
6 297 334
297 6 334
6 298 161
298 6 161
6 300 156
300 6 156
6 301 233
301 6 233
6 302 187
302 6 187
6 303 101
303 6 101
6 304 301
304 6 301
6 305 337
305 6 337
6 308 190
308 6 190
6 309 125
309 6 125
6 310 50
310 6 50
6 311 452
311 6 452
6 313 251
313 6 251
6 314 327
314 6 327
6 315 252
315 6 252
6 317 149
317 6 149
6 319 90
319 6 90
6 321 91
321 6 91
6 324 208
324 6 208
6 327 235
327 6 235
6 330 120
330 6 120
6 332 328
332 6 328
6 335 316
335 6 316
6 336 261
336 6 261
6 337 125
337 6 125
6 338 176
338 6 176
6 340 73
340 6 73
6 343 65
343 6 65
6 344 181
344 6 181
6 346 453
346 6 453
6 347 132
347 6 132
6 348 238
348 6 238
6 350 140
350 6 140
6 353 297
353 6 297
6 355 426
355 6 426
6 357 187
357 6 187
6 358 243
358 6 243
6 360 294
360 6 294
6 361 18
361 6 18
6 362 294
362 6 294
6 366 374
366 6 374
6 368 263
368 6 263
6 374 3
374 6 3
6 376 371
376 6 371
6 377 154
377 6 154
6 381 75
381 6 75
6 382 97
382 6 97
6 383 192
383 6 192
6 384 300
384 6 300
6 390 257
390 6 257
6 392 182
392 6 182
6 393 185
393 6 185
6 394 320
394 6 320
6 395 249
395 6 249
6 396 332
396 6 332
6 399 367
399 6 367
6 402 294
402 6 294
6 404 127
404 6 127
6 405 164
405 6 164
6 406 290
406 6 290
6 407 298
407 6 298
6 409 243
409 6 243
6 411 55
411 6 55
6 413 271
413 6 271
6 416 355
416 6 355
6 423 76
423 6 76
6 427 114
427 6 114
6 429 392
429 6 392
6 431 204
431 6 204
6 432 137
432 6 137
6 436 222
436 6 222
6 439 341
439 6 341
6 444 377
444 6 377
6 446 399
446 6 399
6 447 94
447 6 94
6 450 367
450 6 367
6 454 389
454 6 389
6 456 355
456 6 355
6 458 404
458 6 404
6 459 121
459 6 121
6 460 318
460 6 318
6 461 107
461 6 107
6 465 332
465 6 332
6 466 165
466 6 165
6 470 323
470 6 323
6 472 421
472 6 421
6 473 237
473 6 237
6 477 313
477 6 313
6 479 158
479 6 158
6 482 56
482 6 56
6 485 336
485 6 336
6 486 256
486 6 256
6 487 298
487 6 298
6 488 324
488 6 324
6 489 33
489 6 33
6 491 387
491 6 387
6 494 187
494 6 187
6 495 91
495 6 91
7 8 159
8 7 159
7 9 134
9 7 134
7 10 220
10 7 220
7 11 304
11 7 304
7 16 256
16 7 256
7 17 405
17 7 405
7 18 142
18 7 142
7 19 307
19 7 307
7 20 391
20 7 391
7 22 254
22 7 254
7 23 201
23 7 201
7 24 139
24 7 139
7 28 149
28 7 149
7 29 170
29 7 170
7 31 239
31 7 239
7 32 226
32 7 226
7 33 112
33 7 112
7 34 104
34 7 104
7 37 262
37 7 262
7 38 121
38 7 121
7 39 331
39 7 331
7 40 40
40 7 40
7 41 324
41 7 324
7 42 169
42 7 169
7 46 251
46 7 251
7 47 298
47 7 298
7 58 81
58 7 81
7 59 360
59 7 360
7 60 175
60 7 175
7 61 360
61 7 360
7 62 361
62 7 361
7 63 85
63 7 85
7 64 338
64 7 338
7 66 209
66 7 209
7 67 142
67 7 142
7 71 318
71 7 318
7 73 271
73 7 271
7 74 324
74 7 324
7 75 207
75 7 207
7 76 75
76 7 75
7 77 342
77 7 342
7 80 143
80 7 143
7 81 367
81 7 367
7 82 304
82 7 304
7 83 224
83 7 224
7 84 270
84 7 270
7 85 274
85 7 274
7 87 293
87 7 293
7 88 138
88 7 138
7 92 164
92 7 164
7 93 188
93 7 188
7 94 293
94 7 293
7 95 141
95 7 141
7 96 315
96 7 315
7 97 258
97 7 258
7 100 251
100 7 251
7 101 167
101 7 167
7 105 322
105 7 322
7 107 160
107 7 160
7 108 372
108 7 372
7 113 26
113 7 26
7 114 98
114 7 98
7 115 343
115 7 343
7 116 173
116 7 173
7 117 203
117 7 203
7 120 93
120 7 93
7 121 37
121 7 37
7 122 174
122 7 174
7 123 168
123 7 168
7 124 171
124 7 171
7 127 92
127 7 92
7 131 22
131 7 22
7 133 345
133 7 345
7 135 304
135 7 304
7 138 275
138 7 275
7 144 239
144 7 239
7 145 71
145 7 71
7 146 159
146 7 159
7 147 156
147 7 156
7 148 101
148 7 101
7 152 108
152 7 108
7 155 275
155 7 275
7 159 124
159 7 124
7 160 336
160 7 336
7 161 257
161 7 257
7 162 86
162 7 86
7 163 56
163 7 56
7 166 63
166 7 63
7 168 383
168 7 383
7 170 450
170 7 450
7 171 413
171 7 413
7 176 235
176 7 235
7 179 196
179 7 196
7 180 134
180 7 134
7 184 257
184 7 257
7 185 250
185 7 250
7 186 251
186 7 251
7 187 365
187 7 365
7 190 255
190 7 255
7 193 128
193 7 128
7 197 70
197 7 70
7 203 64
203 7 64
7 207 83
207 7 83
7 208 167
208 7 167
7 209 149
209 7 149
7 211 315
211 7 315
7 212 183
212 7 183
7 215 274
215 7 274
7 217 311
217 7 311
7 218 362
218 7 362
7 220 297
220 7 297
7 222 132
222 7 132
7 223 317
223 7 317
7 224 195
224 7 195
7 230 140
230 7 140
7 231 151
231 7 151
7 232 229
232 7 229
7 234 356
234 7 356
7 237 189
237 7 189
7 238 112
238 7 112
7 239 199
239 7 199
7 241 92
241 7 92
7 242 220
242 7 220
7 243 416
243 7 416
7 244 148
244 7 148
7 246 183
246 7 183
7 247 210
247 7 210
7 248 72
248 7 72
7 251 104
251 7 104
7 252 311
252 7 311
7 253 320
253 7 320
7 254 158
254 7 158
7 255 143
255 7 143
7 256 123
256 7 123
7 258 192
258 7 192
7 259 283
259 7 283
7 270 334
270 7 334
7 274 435
274 7 435
7 275 238
275 7 238
7 278 74
278 7 74
7 279 417
279 7 417
7 281 215
281 7 215
7 285 360
285 7 360
7 287 179
287 7 179
7 288 279
288 7 279
7 291 53
291 7 53
7 296 122
296 7 122
7 298 116
298 7 116
7 299 295
299 7 295
7 301 121
301 7 121
7 302 94
302 7 94
7 303 367
303 7 367
