15 79
125102
0 2 401
2 0 401
0 3 417
3 0 417
0 4 232
4 0 232
0 5 154
5 0 154
0 6 208
6 0 208
0 10 133
10 0 133
0 13 418
13 0 418
0 21 384
21 0 384
0 22 145
22 0 145
0 23 188
23 0 188
0 26 255
26 0 255
0 30 333
30 0 333
0 34 444
34 0 444
0 35 390
35 0 390
0 36 84
36 0 84
0 39 404
39 0 404
0 44 323
44 0 323
0 48 298
48 0 298
0 50 474
50 0 474
0 53 233
53 0 233
0 54 84
54 0 84
0 55 210
55 0 210
0 56 53
56 0 53
0 57 280
57 0 280
0 59 244
59 0 244
0 60 228
60 0 228
0 61 247
61 0 247
0 63 151
63 0 151
0 66 443
66 0 443
0 67 235
67 0 235
0 69 287
69 0 287
0 70 395
70 0 395
0 72 313
72 0 313
0 74 99
74 0 99
0 75 163
75 0 163
0 77 300
77 0 300
0 79 427
79 0 427
0 80 85
80 0 85
0 82 304
82 0 304
0 83 422
83 0 422
0 85 479
85 0 479
0 86 507
86 0 507
0 87 284
87 0 284
0 89 234
89 0 234
0 90 301
90 0 301
0 91 512
91 0 512
0 92 207
92 0 207
0 93 351
93 0 351
0 96 88
96 0 88
0 101 306
101 0 306
0 104 365
104 0 365
0 105 81
105 0 81
0 107 445
107 0 445
0 108 264
108 0 264
0 115 323
115 0 323
0 118 397
118 0 397
0 119 103
119 0 103
0 120 85
120 0 85
0 121 79
121 0 79
0 122 219
122 0 219
0 124 239
124 0 239
0 127 326
127 0 326
0 129 29
129 0 29
0 131 406
131 0 406
0 133 392
133 0 392
0 134 234
134 0 234
0 136 334
136 0 334
0 137 78
137 0 78
0 138 182
138 0 182
0 140 208
140 0 208
0 141 333
141 0 333
0 142 248
142 0 248
0 143 259
143 0 259
0 144 387
144 0 387
0 145 126
145 0 126
0 146 455
146 0 455
0 152 132
152 0 132
0 155 290
155 0 290
0 156 233
156 0 233
0 157 334
157 0 334
0 161 402
161 0 402
0 163 84
163 0 84
0 164 101
164 0 101
0 165 212
165 0 212
0 167 418
167 0 418
0 173 328
173 0 328
0 174 91
174 0 91
0 176 401
176 0 401
0 180 193
180 0 193
0 185 308
185 0 308
0 186 201
186 0 201
0 187 256
187 0 256
0 189 371
189 0 371
0 191 314
191 0 314
0 192 291
192 0 291
0 194 319
194 0 319
0 197 370
197 0 370
0 201 114
201 0 114
0 204 169
204 0 169
0 205 300
205 0 300
0 209 359
209 0 359
0 210 255
210 0 255
0 212 333
212 0 333
0 213 298
213 0 298
0 214 287
214 0 287
0 215 303
215 0 303
0 216 345
216 0 345
0 220 440
220 0 440
0 221 389
221 0 389
0 222 54
222 0 54
0 223 391
223 0 391
0 224 297
224 0 297
0 225 55
225 0 55
0 227 142
227 0 142
0 230 164
230 0 164
0 232 401
232 0 401
0 234 85
234 0 85
0 236 181
236 0 181
0 237 139
237 0 139
0 238 44
238 0 44
0 239 118
239 0 118
0 240 127
240 0 127
0 244 510
244 0 510
0 245 344
245 0 344
0 246 248
246 0 248
0 247 389
247 0 389
0 248 378
248 0 378
0 249 329
249 0 329
0 251 127
251 0 127
0 253 112
253 0 112
0 255 348
255 0 348
0 256 362
256 0 362
0 259 342
259 0 342
0 260 343
260 0 343
0 263 247
263 0 247
0 264 175
264 0 175
0 266 462
266 0 462
0 267 206
267 0 206
0 268 306
268 0 306
0 270 307
270 0 307
0 272 313
272 0 313
0 274 381
274 0 381
0 275 111
275 0 111
0 277 218
277 0 218
0 278 138
278 0 138
0 282 87
282 0 87
0 283 274
283 0 274
0 289 239
289 0 239
0 290 308
290 0 308
0 292 92
292 0 92
0 293 247
293 0 247
0 295 137
295 0 137
0 296 138
296 0 138
0 297 120
297 0 120
0 298 406
298 0 406
0 300 251
300 0 251
0 304 69
304 0 69
0 306 365
306 0 365
0 307 140
307 0 140
0 309 94
309 0 94
0 311 348
311 0 348
0 312 246
312 0 246
0 313 485
313 0 485
0 316 208
316 0 208
0 317 362
317 0 362
0 321 388
321 0 388
0 322 210
322 0 210
0 328 216
328 0 216
0 331 411
331 0 411
0 332 302
332 0 302
0 334 496
334 0 496
0 336 329
336 0 329
0 337 407
337 0 407
0 338 100
338 0 100
0 339 427
339 0 427
0 340 384
340 0 384
0 341 195
341 0 195
0 343 285
343 0 285
0 344 68
344 0 68
0 345 113
345 0 113
0 349 469
349 0 469
0 350 373
350 0 373
0 351 396
351 0 396
0 354 403
354 0 403
0 355 450
355 0 450
0 358 400
358 0 400
0 359 184
359 0 184
0 360 90
360 0 90
0 362 305
362 0 305
0 363 76
363 0 76
0 364 238
364 0 238
0 366 435
366 0 435
0 370 236
370 0 236
0 373 401
373 0 401
0 374 390
374 0 390
0 376 115
376 0 115
0 380 307
380 0 307
0 383 359
383 0 359
0 385 424
385 0 424
0 388 382
388 0 382
0 390 297
390 0 297
0 395 223
395 0 223
0 396 141
396 0 141
0 397 314
397 0 314
0 398 72
398 0 72
0 399 251
399 0 251
0 400 94
400 0 94
0 401 332
401 0 332
0 403 168
403 0 168
0 404 232
404 0 232
0 411 78
411 0 78
0 412 239
412 0 239
0 414 395
414 0 395
0 419 292
419 0 292
0 420 221
420 0 221
0 422 483
422 0 483
0 427 298
427 0 298
0 428 166
428 0 166
0 434 327
434 0 327
0 440 314
440 0 314
0 441 221
441 0 221
0 442 291
442 0 291
0 444 431
444 0 431
0 447 311
447 0 311
0 449 295
449 0 295
0 453 105
453 0 105
0 455 349
455 0 349
0 457 332
457 0 332
0 461 437
461 0 437
0 465 209
465 0 209
0 468 94
468 0 94
0 469 338
469 0 338
0 471 401
471 0 401
0 472 289
472 0 289
0 473 181
473 0 181
0 475 227
475 0 227
0 477 127
477 0 127
0 479 329
479 0 329
0 480 362
480 0 362
0 481 133
481 0 133
0 483 289
483 0 289
0 485 207
485 0 207
0 487 175
487 0 175
0 491 182
491 0 182
0 494 365
494 0 365
0 497 128
497 0 128
0 499 158
499 0 158
1 4 69
4 1 69
1 5 210
5 1 210
1 6 34
6 1 34
1 8 59
8 1 59
1 9 228
9 1 228
1 10 55
10 1 55
1 12 162
12 1 162
1 13 380
13 1 380
1 15 195
15 1 195
1 16 283
16 1 283
1 20 152
20 1 152
1 21 374
21 1 374
1 22 213
22 1 213
1 25 373
25 1 373
1 32 354
32 1 354
1 33 270
33 1 270
1 34 312
34 1 312
1 36 94
36 1 94
1 37 56
37 1 56
1 38 63
38 1 63
1 39 350
39 1 350
1 40 255
40 1 255
1 41 184
41 1 184
1 42 180
42 1 180
1 45 100
45 1 100
1 48 158
48 1 158
1 50 306
50 1 306
1 51 107
51 1 107
1 52 266
52 1 266
1 55 205
55 1 205
1 56 144
56 1 144
1 58 341
58 1 341
1 59 228
59 1 228
1 61 71
61 1 71
1 62 323
62 1 323
1 63 119
63 1 119
1 64 76
64 1 76
1 66 285
66 1 285
1 67 56
67 1 56
1 70 295
70 1 295
1 71 132
71 1 132
1 73 266
73 1 266
1 76 326
76 1 326
1 77 334
77 1 334
1 78 36
78 1 36
1 82 271
82 1 271
1 83 243
83 1 243
1 85 306
85 1 306
1 86 342
86 1 342
1 87 107
87 1 107
1 89 254
89 1 254
1 90 173
90 1 173
1 91 348
91 1 348
1 92 63
92 1 63
1 94 255
94 1 255
1 95 100
95 1 100
1 98 159
98 1 159
1 99 121
99 1 121
1 100 220
100 1 220
1 101 196
101 1 196
1 102 294
102 1 294
1 107 271
107 1 271
1 109 250
109 1 250
1 110 372
110 1 372
1 111 147
111 1 147
1 113 296
113 1 296
1 115 196
115 1 196
1 118 385
118 1 385
1 119 273
119 1 273
1 121 174
121 1 174
1 124 301
124 1 301
1 126 369
126 1 369
1 131 227
131 1 227
1 132 235
132 1 235
1 142 72
142 1 72
1 145 266
145 1 266
1 146 277
146 1 277
1 151 135
151 1 135
1 152 287
152 1 287
1 158 212
158 1 212
1 159 287
159 1 287
1 160 286
160 1 286
1 161 236
161 1 236
1 163 235
163 1 235
1 164 279
164 1 279
1 168 227
168 1 227
1 169 112
169 1 112
1 170 201
170 1 201
1 172 189
172 1 189
1 174 213
174 1 213
1 179 227
179 1 227
1 183 117
183 1 117
1 185 313
185 1 313
1 186 215
186 1 215
1 187 273
187 1 273
1 188 289
188 1 289
1 190 327
190 1 327
1 196 76
196 1 76
1 197 333
197 1 333
1 199 256
199 1 256
1 201 261
201 1 261
1 202 314
202 1 314
1 203 165
203 1 165
1 205 120
205 1 120
1 207 325
207 1 325
1 208 96
208 1 96
1 210 181
210 1 181
1 211 56
211 1 56
1 212 223
212 1 223
1 213 253
213 1 253
1 214 291
214 1 291
1 218 280
218 1 280
1 219 323
219 1 323
1 220 266
220 1 266
1 221 210
221 1 210
1 222 182
222 1 182
1 224 184
224 1 184
1 225 232
225 1 232
1 227 196
227 1 196
1 230 264
230 1 264
1 233 285
233 1 285
1 234 263
234 1 263
1 235 303
235 1 303
1 236 192
236 1 192
1 238 147
238 1 147
1 239 61
239 1 61
1 240 225
240 1 225
1 245 168
245 1 168
1 247 270
247 1 270
1 250 345
250 1 345
1 252 127
252 1 127
1 254 190
254 1 190
1 255 305
255 1 305
1 261 36
261 1 36
1 264 118
264 1 118
1 268 143
268 1 143
1 271 87
271 1 87
1 273 209
273 1 209
1 274 202
274 1 202
1 275 108
275 1 108
1 276 242
276 1 242
1 278 301
278 1 301
1 280 259
280 1 259
1 288 236
288 1 236
1 291 134
291 1 134
1 292 208
292 1 208
1 293 233
293 1 233
1 298 299
298 1 299
1 299 197
299 1 197
1 301 157
301 1 157
1 302 111
302 1 111
1 303 259
303 1 259
1 304 164
304 1 164
1 308 95
308 1 95
1 310 187
310 1 187
1 312 169
312 1 169
1 313 312
313 1 312
1 316 198
316 1 198
1 317 313
317 1 313
1 318 67
318 1 67
1 321 240
321 1 240
1 323 180
323 1 180
1 324 213
324 1 213
1 325 300
325 1 300
1 328 106
328 1 106
1 330 279
330 1 279
1 333 61
333 1 61
1 334 335
334 1 335
1 335 248
335 1 248
1 337 403
337 1 403
1 341 290
341 1 290
1 347 70
347 1 70
1 349 294
349 1 294
1 354 226
354 1 226
1 355 280
355 1 280
1 357 233
357 1 233
1 358 284
358 1 284
1 360 265
360 1 265
1 370 250
370 1 250
1 371 140
371 1 140
1 374 222
374 1 222
1 377 229
377 1 229
1 379 259
379 1 259
1 380 293
380 1 293
1 382 217
382 1 217
1 383 181
383 1 181
1 385 265
385 1 265
1 386 344
386 1 344
1 387 306
387 1 306
1 389 313
389 1 313
1 395 60
395 1 60
1 398 114
398 1 114
1 399 128
399 1 128
1 401 354
401 1 354
1 402 114
402 1 114
1 403 14
403 1 14
1 405 320
405 1 320
1 407 167
407 1 167
1 411 105
411 1 105
1 413 297
413 1 297
1 417 214
417 1 214
1 418 144
418 1 144
1 419 167
419 1 167
1 421 312
421 1 312
1 424 185
424 1 185
1 425 136
425 1 136
1 427 292
427 1 292
1 430 150
430 1 150
1 433 200
433 1 200
1 434 178
434 1 178
1 435 319
435 1 319
1 438 167
438 1 167
1 440 184
440 1 184
1 441 44
441 1 44
1 444 282
444 1 282
1 445 274
445 1 274
1 446 162
446 1 162
1 447 137
447 1 137
1 452 302
452 1 302
1 453 281
453 1 281
1 456 307
456 1 307
1 460 329
460 1 329
1 464 119
464 1 119
1 465 74
465 1 74
1 467 260
467 1 260
1 469 283
469 1 283
1 470 172
470 1 172
1 472 139
472 1 139
1 473 287
473 1 287
1 476 316
476 1 316
1 477 280
477 1 280
1 478 75
478 1 75
1 484 254
484 1 254
1 486 364
486 1 364
1 489 269
489 1 269
1 495 154
495 1 154
1 498 334
498 1 334
2 3 106
3 2 106
2 7 492
7 2 492
2 9 447
9 2 447
2 11 279
11 2 279
2 12 220
12 2 220
2 13 43
13 2 43
2 15 534
15 2 534
2 17 301
17 2 301
2 18 151
18 2 151
2 22 271
22 2 271
2 26 323
26 2 323
2 30 138
30 2 138
2 35 27
35 2 27
2 36 364
36 2 364
2 37 400
37 2 400
2 39 3
39 2 3
2 44 107
44 2 107
2 48 226
48 2 226
2 50 332
50 2 332
2 52 382
52 2 382
2 55 192
55 2 192
2 58 172
58 2 172
2 59 158
59 2 158
2 61 373
61 2 373
2 63 262
63 2 262
2 65 396
65 2 396
2 67 350
67 2 350
2 68 576
68 2 576
2 69 181
69 2 181
2 73 125
73 2 125
2 74 452
74 2 452
2 76 40
76 2 40
2 79 285
79 2 285
2 80 325
80 2 325
2 82 98
82 2 98
2 83 387
83 2 387
2 84 138
84 2 138
2 85 366
85 2 366
2 86 336
86 2 336
2 91 331
91 2 331
2 93 378
93 2 378
2 98 235
98 2 235
2 100 550
100 2 550
2 102 355
102 2 355
2 103 452
103 2 452
2 104 393
104 2 393
2 106 384
106 2 384
2 108 225
108 2 225
2 111 463
111 2 463
2 112 457
112 2 457
2 115 525
115 2 525
2 116 71
116 2 71
2 119 415
119 2 415
2 122 406
122 2 406
2 124 231
124 2 231
2 126 53
126 2 53
2 127 161
127 2 161
2 128 335
128 2 335
2 130 178
130 2 178
2 132 396
132 2 396
2 134 211
134 2 211
2 135 170
135 2 170
2 137 418
137 2 418
2 142 325
142 2 325
2 144 162
144 2 162
2 145 356
145 2 356
2 148 265
148 2 265
2 149 454
149 2 454
2 150 104
150 2 104
2 152 386
152 2 386
2 156 191
156 2 191
2 157 453
157 2 453
2 160 80
160 2 80
2 162 122
162 2 122
2 168 414
168 2 414
2 169 397
169 2 397
2 170 379
170 2 379
2 171 77
171 2 77
2 173 81
173 2 81
2 178 169
178 2 169
2 181 385
181 2 385
2 182 51
182 2 51
2 185 130
185 2 130
2 186 204
186 2 204
2 193 150
193 2 150
2 196 299
196 2 299
2 197 41
197 2 41
2 199 101
199 2 101
2 200 297
200 2 297
2 204 301
204 2 301
2 205 358
205 2 358
2 206 390
206 2 390
2 207 463
207 2 463
2 208 377
208 2 377
2 209 104
209 2 104
2 210 529
210 2 529
2 217 115
217 2 115
2 219 264
219 2 264
2 221 407
221 2 407
2 222 353
222 2 353
2 223 201
223 2 201
2 224 522
224 2 522
2 225 416
225 2 416
2 226 102
226 2 102
2 227 265
227 2 265
2 229 505
229 2 505
2 230 296
230 2 296
2 232 93
232 2 93
2 234 459
234 2 459
2 235 320
235 2 320
2 236 221
236 2 221
2 238 411
238 2 411
2 240 302
240 2 302
2 244 365
244 2 365
2 247 152
247 2 152
2 248 140
248 2 140
2 249 511
249 2 511
2 250 35
250 2 35
2 254 414
254 2 414
2 255 53
255 2 53
2 256 318
256 2 318
2 258 87
258 2 87
2 260 383
260 2 383
2 261 372
261 2 372
2 263 228
263 2 228
2 268 441
268 2 441
2 269 260
269 2 260
2 270 382
270 2 382
2 271 423
271 2 423
2 275 425
275 2 425
2 276 263
276 2 263
2 278 410
278 2 410
2 280 333
280 2 333
2 281 473
281 2 473
2 282 474
282 2 474
2 283 231
283 2 231
2 284 44
284 2 44
2 287 490
287 2 490
2 288 324
288 2 324
2 289 419
289 2 419
2 290 93
290 2 93
2 293 155
293 2 155
2 294 466
294 2 466
2 295 493
295 2 493
2 298 123
298 2 123
2 299 358
299 2 358
2 300 298
300 2 298
2 302 449
302 2 449
2 304 333
304 2 333
2 305 451
305 2 451
2 314 364
314 2 364
2 315 311
315 2 311
2 316 193
316 2 193
2 317 39
317 2 39
2 319 340
319 2 340
2 323 520
323 2 520
2 326 247
326 2 247
2 329 206
329 2 206
2 330 378
330 2 378
2 331 309
331 2 309
2 332 440
332 2 440
2 333 381
333 2 381
2 335 148
335 2 148
2 336 249
336 2 249
2 337 114
337 2 114
2 339 293
339 2 293
2 340 326
340 2 326
2 341 287
341 2 287
2 344 361
344 2 361
2 346 257
346 2 257
2 347 321
347 2 321
2 356 430
356 2 430
2 357 367
357 2 367
2 358 146
358 2 146
2 361 378
361 2 378
2 362 155
362 2 155
2 363 346
363 2 346
2 365 167
365 2 167
2 366 248
366 2 248
2 368 250
368 2 250
2 369 426
369 2 426
2 373 103
373 2 103
2 377 419
377 2 419
2 381 352
381 2 352
2 382 326
382 2 326
2 385 273
385 2 273
2 386 57
386 2 57
2 387 365
387 2 365
2 389 253
389 2 253
2 390 156
390 2 156
2 391 364
391 2 364
2 397 423
397 2 423
2 400 341
400 2 341
2 403 339
403 2 339
2 404 462
404 2 462
2 407 184
407 2 184
2 408 461
408 2 461
2 410 421
410 2 421
2 411 349
411 2 349
2 413 382
413 2 382
2 414 434
414 2 434
2 417 305
417 2 305
2 423 212
423 2 212
2 424 253
424 2 253
2 426 156
426 2 156
2 428 341
428 2 341
2 429 335
429 2 335
2 432 298
432 2 298
2 435 469
435 2 469
2 437 275
437 2 275
2 438 202
438 2 202
2 446 375
446 2 375
2 451 100
451 2 100
2 452 225
452 2 225
2 453 436
453 2 436
2 456 150
456 2 150
2 457 529
457 2 529
2 458 122
458 2 122
2 460 144
460 2 144
2 461 383
461 2 383
2 462 451
462 2 451
2 463 295
463 2 295
2 464 467
464 2 467
2 465 419
465 2 419
2 466 272
466 2 272
2 467 274
467 2 274
2 469 66
469 2 66
2 472 458
472 2 458
2 473 304
473 2 304
2 474 309
474 2 309
2 476 272
476 2 272
2 478 296
478 2 296
2 479 438
479 2 438
2 480 417
480 2 417
2 482 502
482 2 502
2 483 137
483 2 137
2 484 114
484 2 114
2 486 129
486 2 129
2 487 378
487 2 378
2 489 200
489 2 200
2 490 98
490 2 98
2 491 286
491 2 286
2 492 380
492 2 380
2 493 438
493 2 438
2 496 207
496 2 207
2 497 412
497 2 412
2 499 248
499 2 248
3 6 326
6 3 326
3 12 237
12 3 237
3 15 485
15 3 485
3 16 316
16 3 316
3 18 146
18 3 146
3 19 487
19 3 487
3 20 426
20 3 426
3 21 198
21 3 198
3 22 313
22 3 313
3 23 261
23 3 261
3 26 271
26 3 271
3 28 512
28 3 512
3 31 511
31 3 511
3 32 110
32 3 110
3 33 97
33 3 97
3 34 90
34 3 90
3 36 361
36 3 361
3 38 322
38 3 322
3 41 434
41 3 434
3 45 414
45 3 414
3 47 416
47 3 416
3 48 167
48 3 167
3 50 229
50 3 229
3 51 425
51 3 425
3 52 426
52 3 426
3 54 469
54 3 469
3 58 261
58 3 261
3 62 500
62 3 500
3 63 266
63 3 266
3 64 307
64 3 307
3 66 176
66 3 176
3 69 263
69 3 263
3 70 23
70 3 23
3 72 472
72 3 472
3 76 67
76 3 67
3 77 265
77 3 265
3 82 154
82 3 154
3 87 265
87 3 265
3 89 241
89 3 241
3 90 145
90 3 145
3 92 369
92 3 369
3 93 301
93 3 301
3 95 415
95 3 415
3 97 81
97 3 81
3 98 254
98 3 254
3 99 287
99 3 287
3 101 121
101 3 121
3 103 397
103 3 397
3 107 261
107 3 261
3 108 182
108 3 182
3 110 262
110 3 262
3 111 406
111 3 406
3 113 114
113 3 114
3 114 203
114 3 203
3 116 61
116 3 61
3 117 471
117 3 471
3 118 196
118 3 196
3 120 434
120 3 434
3 121 461
121 3 461
3 122 364
122 3 364
3 125 522
125 3 522
3 133 179
133 3 179
3 134 191
134 3 191
3 135 100
135 3 100
3 136 179
136 3 179
3 138 246
138 3 246
3 140 430
140 3 430
3 141 85
141 3 85
3 142 275
142 3 275
3 143 369
143 3 369
3 151 204
151 3 204
3 157 386
157 3 386
3 158 521
158 3 521
3 159 132
159 3 132
3 160 144
160 3 144
3 162 106
162 3 106
3 166 269
166 3 269
3 168 328
168 3 328
3 169 394
169 3 394
3 170 296
170 3 296
3 171 129
171 3 129
3 175 176
175 3 176
3 176 17
176 3 17
3 178 85
178 3 85
3 179 174
179 3 174
3 180 227
180 3 227
3 182 55
182 3 55
3 183 215
183 3 215
3 185 214
185 3 214
3 186 246
186 3 246
3 188 347
188 3 347
3 191 138
191 3 138
3 192 351
192 3 351
3 195 121
195 3 121
3 197 137
197 3 137
3 199 76
199 3 76
3 208 373
208 3 373
3 211 308
211 3 308
3 212 93
212 3 93
3 214 212
214 3 212
3 215 115
215 3 115
3 218 258
218 3 258
3 222 377
222 3 377
3 223 106
223 3 106
3 224 473
224 3 473
3 225 445
225 3 445
3 227 301
227 3 301
3 228 472
228 3 472
3 230 351
230 3 351
3 232 19
232 3 19
3 233 430
233 3 430
3 234 488
234 3 488
3 237 455
237 3 455
3 240 345
240 3 345
3 241 224
241 3 224
3 242 491
242 3 491
3 244 260
244 3 260
3 245 345
245 3 345
3 247 59
247 3 59
3 248 56
248 3 56
3 253 443
253 3 443
3 254 336
254 3 336
3 256 235
256 3 235
3 257 435
257 3 435
3 258 63
258 3 63
3 259 371
259 3 371
3 263 302
263 3 302
3 267 254
267 3 254
3 268 380
268 3 380
3 269 277
269 3 277
3 270 317
270 3 317
3 279 237
279 3 237
3 280 382
280 3 382
3 282 500
282 3 500
3 285 361
285 3 361
3 286 363
286 3 363
3 287 488
287 3 488
3 288 231
288 3 231
3 289 373
289 3 373
3 291 322
291 3 322
3 292 364
292 3 364
3 294 404
294 3 404
3 296 451
296 3 451
3 298 22
298 3 22
3 299 386
299 3 386
3 303 166
303 3 166
3 304 354
304 3 354
3 306 242
306 3 242
3 307 313
307 3 313
3 308 392
308 3 392
3 310 499
310 3 499
3 311 455
311 3 455
3 313 262
313 3 262
3 315 256
315 3 256
3 318 262
318 3 262
3 323 472
323 3 472
3 324 119
324 3 119
3 325 428
325 3 428
3 326 185
326 3 185
3 327 520
327 3 520
3 330 427
330 3 427
3 331 214
331 3 214
3 338 459
338 3 459
3 342 361
342 3 361
3 343 156
343 3 156
3 344 363
344 3 363
3 345 402
345 3 402
3 346 208
346 3 208
3 348 244
348 3 244
3 349 271
349 3 271
3 351 68
351 3 68
3 353 463
353 3 463
3 355 230
355 3 230
3 356 391
356 3 391
3 358 48
358 3 48
3 359 272
359 3 272
3 360 502
360 3 502
3 361 304
361 3 304
3 362 241
362 3 241
3 372 247
372 3 247
3 373 16
373 3 16
3 376 385
376 3 385
3 378 355
378 3 355
3 381 255
381 3 255
3 382 364
382 3 364
3 389 147
389 3 147
3 390 124
390 3 124
3 395 350
395 3 350
3 398 352
398 3 352
3 399 189
399 3 189
3 401 250
401 3 250
3 402 412
402 3 412
3 405 147
405 3 147
3 406 177
406 3 177
3 409 464
409 3 464
3 411 351
411 3 351
3 413 434
413 3 434
3 414 353
414 3 353
3 415 129
415 3 129
3 416 161
416 3 161
3 417 216
417 3 216
3 418 382
418 3 382
3 424 175
424 3 175
3 426 242
426 3 242
3 427 195
427 3 195
3 429 253
429 3 253
3 431 253
431 3 253
3 438 216
438 3 216
3 445 163
445 3 163
3 447 244
447 3 244
3 448 103
448 3 103
3 450 235
450 3 235
3 451 175
451 3 175
3 453 475
453 3 475
3 455 248
455 3 248
3 457 471
457 3 471
3 458 98
458 3 98
3 459 318
459 3 318
3 460 232
460 3 232
3 461 289
461 3 289
3 464 434
464 3 434
3 469 110
469 3 110
3 471 211
471 3 211
3 472 403
472 3 403
3 474 244
474 3 244
3 479 371
479 3 371
3 480 341
480 3 341
3 483 212
483 3 212
3 485 254
485 3 254
3 486 228
486 3 228
3 487 348
487 3 348
3 488 261
488 3 261
3 491 345
491 3 345
3 493 358
493 3 358
3 496 249
496 3 249
3 497 395
497 3 395
3 498 276
498 3 276
3 499 259
499 3 259
4 5 279
5 4 279
4 6 37
6 4 37
4 8 123
8 4 123
4 9 277
9 4 277
4 10 99
10 4 99
4 11 119
11 4 119
4 12 230
12 4 230
4 13 434
13 4 434
4 16 353
16 4 353
4 18 250
18 4 250
4 21 435
21 4 435
4 22 283
22 4 283
4 23 282
23 4 282
4 27 385
27 4 385
4 28 381
28 4 381
4 29 131
29 4 131
4 30 411
30 4 411
4 31 363
31 4 363
4 34 329
34 4 329
4 38 31
38 4 31
4 39 401
39 4 401
4 51 99
51 4 99
4 53 117
53 4 117
4 56 207
56 4 207
4 63 188
63 4 188
4 66 283
66 4 283
4 67 49
67 4 49
4 68 177
68 4 177
4 69 389
69 4 389
4 70 331
70 4 331
4 71 201
71 4 201
4 72 128
72 4 128
4 73 329
73 4 329
4 77 401
77 4 401
4 79 262
79 4 262
4 80 188
80 4 188
4 81 109
81 4 109
4 82 330
82 4 330
4 83 209
83 4 209
4 84 318
84 4 318
4 85 283
85 4 283
4 88 136
88 4 136
4 89 322
89 4 322
4 90 207
90 4 207
4 92 30
92 4 30
4 93 133
93 4 133
4 94 324
94 4 324
4 95 109
95 4 109
4 96 296
96 4 296
4 98 228
98 4 228
4 99 93
99 4 93
4 100 155
100 4 155
4 102 274
102 4 274
4 103 63
103 4 63
4 109 268
109 4 268
4 112 207
112 4 207
4 113 309
113 4 309
4 118 444
118 4 444
4 120 311
120 4 311
4 121 207
121 4 207
4 122 18
122 4 18
4 125 390
125 4 390
4 126 425
126 4 425
4 127 417
127 4 417
4 130 221
130 4 221
4 131 183
131 4 183
4 137 310
137 4 310
4 138 159
138 4 159
4 140 86
140 4 86
4 141 280
141 4 280
4 145 331
145 4 331
4 147 117
147 4 117
4 148 177
148 4 177
4 149 56
149 4 56
4 150 423
150 4 423
4 151 194
151 4 194
4 152 350
152 4 350
4 153 159
153 4 159
4 154 323
154 4 323
4 156 328
156 4 328
4 158 169
158 4 169
4 160 344
160 4 344
4 161 229
161 4 229
4 162 275
162 4 275
4 163 298
163 4 298
4 164 329
164 4 329
4 166 359
166 4 359
4 167 478
167 4 478
4 168 182
168 4 182
4 169 158
169 4 158
4 171 334
171 4 334
4 173 362
173 4 362
4 175 225
175 4 225
4 177 225
177 4 225
4 178 272
178 4 272
4 179 288
179 4 288
4 183 138
183 4 138
4 185 377
185 4 377
4 186 283
186 4 283
4 188 358
188 4 358
4 191 214
191 4 214
4 192 59
192 4 59
4 194 113
194 4 113
4 195 330
195 4 330
4 197 389
197 4 389
4 199 301
199 4 301
4 201 326
201 4 326
4 202 375
202 4 375
4 203 215
203 4 215
4 205 89
205 4 89
4 207 381
207 4 381
4 208 149
208 4 149
4 210 139
210 4 139
4 212 261
212 4 261
4 215 277
215 4 277
4 216 415
216 4 415
4 217 485
217 4 485
4 218 348
218 4 348
4 219 326
219 4 326
4 223 272
223 4 272
4 224 124
224 4 124
4 225 288
225 4 288
4 228 369
228 4 369
4 229 129
229 4 129
4 230 334
230 4 334
4 232 345
232 4 345
4 235 291
235 4 291
4 237 363
237 4 363
4 239 124
239 4 124
4 242 150
242 4 150
4 247 299
247 4 299
4 248 297
248 4 297
4 249 122
249 4 122
4 250 400
250 4 400
4 254 140
254 4 140
4 255 360
255 4 360
4 260 123
260 4 123
4 262 235
262 4 235
4 263 376
263 4 376
4 264 108
264 4 108
4 265 345
265 4 345
4 271 103
271 4 103
4 273 215
273 4 215
4 275 136
275 4 136
4 278 363
278 4 363
4 279 156
279 4 156
4 280 327
280 4 327
4 281 188
281 4 188
4 282 308
282 4 308
4 284 429
284 4 429
4 285 253
285 4 253
4 287 212
287 4 212
4 288 220
288 4 220
4 291 202
291 4 202
4 294 94
294 4 94
4 295 185
295 4 185
4 296 148
296 4 148
4 300 104
300 4 104
4 304 230
304 4 230
4 305 61
305 4 61
4 307 115
307 4 115
4 309 148
309 4 148
4 312 128
312 4 128
4 318 132
318 4 132
4 319 304
319 4 304
4 321 251
321 4 251
4 322 101
322 4 101
4 324 262
324 4 262
4 325 365
325 4 365
4 326 168
326 4 168
4 328 162
328 4 162
4 333 17
333 4 17
4 335 313
335 4 313
4 337 464
337 4 464
4 338 331
338 4 331
4 339 258
339 4 258
4 341 360
341 4 360
4 342 14
342 4 14
4 343 306
343 4 306
4 345 320
345 4 320
4 346 144
346 4 144
4 348 177
348 4 177
4 349 269
349 4 269
4 351 372
351 4 372
4 352 355
352 4 355
4 353 124
353 4 124
4 355 265
355 4 265
4 357 297
357 4 297
4 360 311
360 4 311
4 363 271
363 4 271
4 364 36
364 4 36
4 365 296
365 4 296
4 366 290
366 4 290
4 372 178
372 4 178
4 374 213
374 4 213
4 375 349
375 4 349
4 378 326
378 4 326
4 384 160
384 4 160
4 385 264
385 4 264
4 387 284
387 4 284
4 388 285
388 4 285
4 392 409
392 4 409
4 401 420
401 4 420
4 403 83
403 4 83
4 405 326
405 4 326
4 407 214
407 4 214
4 408 223
408 4 223
4 409 207
409 4 207
4 410 344
410 4 344
4 411 167
411 4 167
4 412 131
412 4 131
4 414 166
414 4 166
4 416 271
416 4 271
4 417 204
417 4 204
4 418 76
418 4 76
4 421 380
421 4 380
4 422 302
422 4 302
4 424 195
424 4 195
4 426 393
426 4 393
4 428 84
428 4 84
4 429 161
429 4 161
4 430 131
430 4 131
4 431 392
431 4 392
4 434 108
434 4 108
4 435 374
435 4 374
4 436 136
436 4 136
4 437 123
437 4 123
4 438 232
438 4 232
4 439 327
439 4 327
4 440 215
440 4 215
4 443 64
443 4 64
4 444 289
444 4 289
4 445 275
445 4 275
4 446 221
446 4 221
4 447 129
447 4 129
4 449 70
449 4 70
4 453 338
453 4 338
4 455 433
455 4 433
4 457 136
457 4 136
4 458 277
458 4 277
4 459 357
459 4 357
4 463 110
463 4 110
4 464 93
464 4 93
4 465 37
465 4 37
4 467 330
467 4 330
4 469 336
469 4 336
4 470 113
470 4 113
4 471 455
471 4 455
4 477 344
477 4 344
4 479 97
479 4 97
4 482 104
482 4 104
4 483 358
483 4 358
4 484 314
484 4 314
4 485 300
485 4 300
4 486 428
486 4 428
4 487 58
487 4 58
4 491 345
491 4 345
4 495 94
495 4 94
4 496 285
496 4 285
4 499 207
499 4 207
5 7 286
7 5 286
5 8 164
8 5 164
5 10 202
10 5 202
5 12 76
12 5 76
5 15 394
15 5 394
5 16 74
16 5 74
5 17 402
17 5 402
5 18 161
18 5 161
5 19 356
19 5 356
5 22 13
22 5 13
5 24 82
24 5 82
5 26 252
26 5 252
5 31 213
31 5 213
5 32 263
32 5 263
5 33 206
33 5 206
5 34 350
34 5 350
5 40 377
40 5 377
5 45 244
45 5 244
5 50 423
50 5 423
5 55 72
55 5 72
5 58 158
58 5 158
5 59 103
59 5 103
5 60 119
60 5 119
5 63 96
63 5 96
5 64 135
64 5 135
5 65 309
65 5 309
5 67 253
67 5 253
5 70 279
70 5 279
5 71 80
71 5 80
5 74 233
74 5 233
5 76 263
76 5 263
5 77 148
77 5 148
5 79 369
79 5 369
5 81 293
81 5 293
5 83 407
83 5 407
5 86 448
86 5 448
5 87 277
87 5 277
5 94 57
94 5 57
5 96 101
96 5 101
5 97 261
97 5 261
5 99 303
99 5 303
5 103 343
103 5 343
5 104 369
104 5 369
5 107 412
107 5 412
5 108 203
108 5 203
5 111 357
111 5 357
5 112 224
112 5 224
5 115 403
115 5 403
5 118 244
118 5 244
5 120 138
120 5 138
5 123 128
123 5 128
5 124 96
124 5 96
5 125 223
125 5 223
5 128 337
128 5 337
5 130 199
130 5 199
5 132 405
132 5 405
5 133 240
133 5 240
5 134 159
134 5 159
5 135 252
135 5 252
5 139 202
139 5 202
5 141 223
141 5 223
5 142 249
142 5 249
5 143 310
143 5 310
5 144 290
144 5 290
5 147 163
147 5 163
5 149 318
149 5 318
5 151 136
151 5 136
5 153 306
153 5 306
5 155 367
155 5 367
5 156 79
156 5 79
5 157 376
157 5 376
5 158 390
158 5 390
5 160 178
160 5 178
5 162 196
162 5 196
5 163 111
163 5 111
5 166 99
166 5 99
5 168 407
168 5 407
5 170 374
170 5 374
5 172 391
172 5 391
5 173 181
173 5 181
5 174 76
174 5 76
5 175 141
175 5 141
5 177 350
177 5 350
5 178 276
178 5 276
5 180 84
180 5 84
5 181 406
181 5 406
5 183 239
183 5 239
5 186 54
186 5 54
5 188 81
188 5 81
5 189 338
189 5 338
5 190 453
190 5 453
5 192 326
192 5 326
5 193 108
193 5 108
5 194 390
194 5 390
5 199 223
199 5 223
5 200 238
200 5 238
5 202 180
202 5 180
5 204 72
204 5 72
5 205 305
205 5 305
5 207 209
207 5 209
5 208 169
208 5 169
5 210 363
210 5 363
5 212 234
212 5 234
5 214 134
214 5 134
5 217 281
217 5 281
5 220 407
220 5 407
5 222 100
222 5 100
5 227 14
227 5 14
5 229 408
229 5 408
5 230 64
230 5 64
5 231 85
231 5 85
5 232 281
232 5 281
5 233 130
233 5 130
5 237 156
237 5 156
5 238 178
238 5 178
5 239 165
239 5 165
5 241 340
241 5 340
5 242 333
242 5 333
5 243 464
243 5 464
5 244 462
244 5 462
5 245 366
245 5 366
5 248 275
248 5 275
5 249 400
249 5 400
5 250 236
250 5 236
5 251 169
251 5 169
5 252 123
252 5 123
5 253 240
253 5 240
5 259 375
259 5 375
5 261 208
261 5 208
5 262 205
262 5 205
5 264 281
264 5 281
5 265 67
265 5 67
5 268 352
268 5 352
5 270 323
270 5 323
5 272 360
272 5 360
5 273 310
273 5 310
5 276 33
276 5 33
5 277 87
277 5 87
5 278 159
278 5 159
5 279 315
279 5 315
5 280 84
280 5 84
5 283 216
283 5 216
5 285 78
285 5 78
5 286 90
286 5 90
5 287 260
287 5 260
5 289 295
289 5 295
5 294 373
294 5 373
5 296 263
296 5 263
5 298 295
298 5 295
5 301 181
301 5 181
5 306 211
306 5 211
5 307 165
307 5 165
5 310 362
310 5 362
5 313 443
313 5 443
5 318 158
318 5 158
5 319 83
319 5 83
5 321 317
321 5 317
5 324 187
324 5 187
5 326 246
326 5 246
5 327 224
327 5 224
5 330 127
330 5 127
5 331 367
331 5 367
5 332 348
332 5 348
5 333 269
333 5 269
5 334 432
334 5 432
5 335 110
335 5 110
5 336 275
336 5 275
5 337 253
337 5 253
5 342 275
342 5 275
5 346 219
346 5 219
5 348 119
348 5 119
5 349 434
349 5 434
5 350 348
350 5 348
5 353 397
353 5 397
5 355 404
355 5 404
5 356 283
356 5 283
5 358 297
358 5 297
5 359 32
359 5 32
5 362 151
362 5 151
5 363 88
363 5 88
5 364 264
364 5 264
5 367 395
367 5 395
5 368 276
368 5 276
5 370 84
370 5 84
5 377 162
377 5 162
5 380 157
380 5 157
5 381 402
381 5 402
5 385 362
385 5 362
5 387 439
387 5 439
5 390 197
390 5 197
5 396 272
396 5 272
5 397 348
397 5 348
5 398 128
398 5 128
5 399 189
399 5 189
5 400 82
400 5 82
5 401 179
401 5 179
5 402 210
402 5 210
5 404 315
404 5 315
5 406 144
406 5 144
5 407 184
407 5 184
5 408 222
408 5 222
5 409 230
409 5 230
5 410 164
410 5 164
5 411 136
411 5 136
5 414 409
414 5 409
5 415 189
415 5 189
5 418 353
418 5 353
5 419 372
419 5 372
5 421 120
421 5 120
5 422 431
422 5 431
5 424 287
424 5 287
5 430 312
430 5 312
5 432 289
432 5 289
5 433 379
433 5 379
5 434 388
434 5 388
5 437 193
437 5 193
5 438 94
438 5 94
5 439 453
439 5 453
5 440 238
440 5 238
5 446 131
446 5 131
5 450 122
450 5 122
5 451 164
451 5 164
5 452 99
452 5 99
5 453 178
453 5 178
5 457 410
457 5 410
5 460 160
460 5 160
5 462 196
462 5 196
5 464 298
464 5 298
5 465 276
465 5 276
5 466 382
466 5 382
5 468 156
468 5 156
5 469 201
469 5 201
5 471 248
471 5 248
5 473 85
473 5 85
5 474 280
474 5 280
5 475 264
475 5 264
5 479 366
479 5 366
5 480 378
480 5 378
5 485 55
485 5 55
5 486 202
486 5 202
5 487 228
487 5 228
5 488 379
488 5 379
5 489 79
489 5 79
5 490 161
490 5 161
5 491 69
491 5 69
5 493 404
493 5 404
5 496 52
496 5 52
5 497 222
497 5 222
5 498 142
498 5 142
6 9 256
9 6 256
6 10 77
10 6 77
6 12 192
12 6 192
6 14 37
14 6 37
6 15 170
15 6 170
6 19 161
19 6 161
6 21 399
21 6 399
6 24 297
24 6 297
6 26 65
26 6 65
6 27 362
27 6 362
6 28 356
28 6 356
6 29 94
29 6 94
6 30 374
30 6 374
6 32 372
32 6 372
6 33 288
33 6 288
6 36 124
36 6 124
6 37 35
37 6 35
6 38 31
38 6 31
6 39 368
39 6 368
6 42 177
42 6 177
6 45 108
45 6 108
6 47 214
47 6 214
6 48 161
48 6 161
6 51 105
51 6 105
6 52 299
52 6 299
6 53 141
53 6 141
6 54 200
54 6 200
6 57 118
57 6 118
6 58 371
58 6 371
6 61 38
61 6 38
6 62 354
62 6 354
6 64 110
64 6 110
6 65 70
65 6 70
6 68 211
68 6 211
6 69 351
69 6 351
6 70 304
70 6 304
6 72 165
72 6 165
6 77 364
77 6 364
6 83 218
83 6 218
6 85 286
85 6 286
6 87 89
87 6 89
6 88 115
88 6 115
6 89 284
89 6 284
6 90 180
90 6 180
6 91 334
91 6 334
6 92 42
92 6 42
6 93 144
93 6 144
6 94 289
94 6 289
6 96 265
96 6 265
6 98 190
98 6 190
6 99 96
99 6 96
6 101 207
101 6 207
6 103 101
103 6 101
6 107 250
107 6 250
6 108 145
108 6 145
6 113 293
113 6 293
6 114 307
114 6 307
6 115 167
115 6 167
6 116 303
116 6 303
6 117 150
117 6 150
6 118 408
118 6 408
6 119 305
119 6 305
6 120 283
120 6 283
6 121 194
121 6 194
6 124 333
124 6 333
6 126 391
126 6 391
6 127 380
127 6 380
6 131 199
131 6 199
6 132 208
132 6 208
6 134 154
134 6 154
6 135 227
135 6 227
6 137 284
137 6 284
6 138 121
138 6 121
6 139 95
139 6 95
6 140 104
140 6 104
6 143 67
143 6 67
6 144 268
144 6 268
6 146 254
146 6 254
6 147 83
147 6 83
6 151 158
151 6 158
6 154 303
154 6 303
6 158 196
158 6 196
6 161 222
161 6 222
6 164 307
164 6 307
6 165 5
165 6 5
6 168 198
168 6 198
6 170 175
170 6 175
6 172 163
172 6 163
6 173 326
173 6 326
6 174 246
174 6 246
6 177 218
177 6 218
6 178 248
178 6 248
6 179 251
179 6 251
6 181 219
181 6 219
6 184 194
184 6 194
6 185 340
185 6 340
6 187 302
187 6 302
6 188 322
188 6 322
6 192 86
192 6 86
6 194 150
194 6 150
6 195 296
195 6 296
6 197 354
197 6 354
6 198 291
198 6 291
6 199 270
199 6 270
6 201 295
201 6 295
6 203 182
203 6 182
6 204 306
204 6 306
6 207 355
207 6 355
6 213 275
213 6 275
6 214 319
214 6 319
6 215 244
215 6 244
6 216 378
216 6 378
6 219 315
219 6 315
6 225 263
225 6 263
6 229 166
229 6 166
6 231 171
231 6 171
6 235 288
235 6 288
6 236 223
236 6 223
6 237 334
237 6 334
6 238 173
238 6 173
6 239 93
239 6 93
6 242 166
242 6 166
6 243 245
243 6 245
6 244 321
244 6 321
6 247 275
247 6 275
6 248 272
248 6 272
6 250 365
250 6 365
6 251 85
251 6 85
6 252 153
252 6 153
6 253 152
253 6 152
6 254 159
254 6 159
6 258 287
258 6 287
6 259 137
259 6 137
6 260 136
260 6 136
6 261 57
261 6 57
6 267 80
267 6 80
6 268 109
268 6 109
6 269 181
269 6 181
6 270 98
270 6 98
6 273 201
273 6 201
6 274 174
274 6 174
6 278 334
278 6 334
6 279 151
279 6 151
6 280 293
280 6 293
6 281 181
281 6 181
6 284 395
284 6 395
6 286 207
286 6 207
6 288 218
288 6 218
6 291 168
291 6 168
6 293 261
293 6 261
6 299 230
299 6 230
6 300 80
300 6 80
6 302 114
302 6 114
6 304 198
304 6 198
6 306 406
306 6 406
6 309 133
309 6 133
6 313 292
313 6 292
6 315 82
315 6 82
6 316 227
316 6 227
6 320 301
320 6 301
6 321 235
321 6 235
6 322 66
322 6 66
6 323 155
323 6 155
6 325 333
325 6 333
6 326 146
326 6 146
6 331 227
331 6 227
6 333 27
333 6 27
6 335 276
335 6 276
6 336 171
336 6 171
6 337 428
337 6 428
6 338 304
338 6 304
6 339 251
339 6 251
6 340 192
340 6 192
6 341 324
341 6 324
6 342 38
342 6 38
6 346 117
346 6 117
6 350 179
350 6 179
6 351 341
351 6 341
6 353 161
353 6 161
6 354 203
354 6 203
6 355 263
355 6 263
6 357 266
357 6 266
6 358 289
358 6 289
6 360 292
360 6 292
6 363 239
363 6 239
6 365 274
365 6 274
6 367 248
367 6 248
6 368 171
368 6 171
6 372 178
372 6 178
6 376 101
376 6 101
6 377 259
377 6 259
6 380 318
380 6 318
6 381 240
381 6 240
6 382 251
382 6 251
6 385 254
385 6 254
6 386 366
386 6 366
6 387 286
387 6 286
6 388 261
388 6 261
6 390 212
390 6 212
6 392 372
392 6 372
6 396 163
396 6 163
6 398 147
398 6 147
6 399 140
399 6 140
6 401 383
401 6 383
6 402 133
402 6 133
6 403 48
403 6 48
6 404 96
404 6 96
6 405 313
405 6 313
6 407 181
407 6 181
6 408 209
408 6 209
6 409 195
409 6 195
6 411 137
411 6 137
6 413 330
413 6 330
6 414 187
414 6 187
6 416 235
416 6 235
6 417 199
417 6 199
6 420 258
420 6 258
6 423 343
423 6 343
6 424 179
424 6 179
6 426 355
426 6 355
6 427 318
427 6 318
6 433 183
433 6 183
6 437 90
437 6 90
6 438 195
438 6 195
6 439 326
439 6 326
6 440 189
440 6 189
6 442 139
442 6 139
6 446 193
446 6 193
6 449 106
449 6 106
6 450 142
450 6 142
6 451 320
451 6 320
6 454 209
454 6 209
6 457 173
457 6 173
6 458 246
458 6 246
6 459 320
459 6 320
6 460 357
460 6 357
6 462 257
462 6 257
6 463 88
463 6 88
6 466 284
466 6 284
6 468 116
468 6 116
6 471 419
471 6 419
6 472 107
472 6 107
6 477 313
477 6 313
6 481 118
481 6 118
6 484 278
484 6 278
6 485 263
485 6 263
6 487 37
487 6 37
6 490 292
490 6 292
6 491 310
491 6 310
6 492 240
492 6 240
6 498 364
498 6 364
6 499 169
499 6 169
7 8 207
8 7 207
7 9 170
9 7 170
7 12 279
12 7 279
7 13 519
13 7 519
7 14 204
14 7 204
7 15 163
15 7 163
7 16 354
16 7 354
7 18 343
18 7 343
7 21 500
21 7 500
7 22 282
22 7 282
7 23 310
23 7 310
7 24 295
24 7 295
7 25 509
25 7 509
7 28 282
28 7 282
7 30 458
30 7 458
7 33 417
33 7 417
7 34 474
34 7 474
7 40 405
40 7 405
7 42 341
42 7 341
7 43 448
43 7 448
7 47 164
47 7 164
7 50 455
50 7 455
7 51 65
51 7 65
7 52 265
52 7 265
7 56 173
56 7 173
7 57 165
57 7 165
7 58 443
58 7 443
7 59 349
59 7 349
7 63 233
63 7 233
7 65 209
65 7 209
7 68 179
68 7 179
7 69 419
69 7 419
7 71 212
71 7 212
7 72 180
72 7 180
7 73 390
73 7 390
7 75 112
75 7 112
7 77 433
77 7 433
7 78 128
78 7 128
7 84 376
84 7 376
7 85 448
85 7 448
7 86 493
86 7 493
7 87 256
87 7 256
7 88 279
88 7 279
7 89 358
89 7 358
7 91 501
91 7 501
7 92 134
92 7 134
7 94 305
94 7 305
7 95 62
95 7 62
7 96 243
96 7 243
7 97 400
97 7 400
7 99 257
99 7 257
7 102 438
102 7 438
7 103 184
103 7 184
7 105 175
105 7 175
7 106 429
106 7 429
7 108 296
108 7 296
7 109 412
109 7 412
7 110 520
110 7 520
7 112 85
112 7 85
7 116 441
116 7 441
7 117 139
117 7 139
7 121 82
121 7 82
7 122 146
122 7 146
7 123 214
123 7 214
7 124 381
124 7 381
7 126 504
126 7 504
7 127 456
127 7 456
7 128 324
128 7 324
7 129 149
129 7 149
7 133 503
133 7 503
7 137 224
137 7 224
7 139 248
139 7 248
7 141 393
141 7 393
7 143 176
143 7 176
7 144 426
144 7 426
7 146 411
146 7 411
7 147 163
147 7 163
7 148 228
148 7 228
7 149 138
149 7 138
7 151 279
151 7 279
7 153 318
153 7 318
7 155 168
155 7 168
7 156 360
156 7 360
7 158 123
158 7 123
7 159 447
159 7 447
7 160 421
160 7 421
7 161 389
161 7 389
7 162 379
162 7 379
7 163 240
163 7 240
7 166 384
166 7 384
7 172 169
172 7 169
7 173 434
173 7 434
7 174 242
174 7 242
7 175 311
175 7 311
7 176 459
176 7 459
7 177 385
177 7 385
7 182 482
182 7 482
7 184 168
184 7 168
7 185 428
185 7 428
7 189 348
189 7 348
7 190 472
190 7 472
7 191 346
191 7 346
7 192 216
192 7 216
7 194 199
194 7 199
7 196 193
196 7 193
7 197 471
197 7 471
7 198 451
198 7 451
7 201 270
201 7 270
7 202 441
202 7 441
7 203 317
203 7 317
7 204 320
204 7 320
7 206 182
206 7 182
7 207 283
207 7 283
7 210 108
210 7 108
7 212 382
212 7 382
7 213 390
213 7 390
7 218 377
218 7 377
7 219 482
219 7 482
7 220 407
220 7 407
7 226 423
226 7 423
7 228 288
228 7 288
7 229 231
229 7 231
7 230 314
230 7 314
7 231 258
231 7 258
7 232 464
232 7 464
7 233 288
233 7 288
7 234 206
234 7 206
7 235 454
235 7 454
7 240 273
240 7 273
7 241 354
241 7 354
7 242 60
242 7 60
7 249 207
249 7 207
7 250 483
250 7 483
7 251 147
251 7 147
7 252 265
252 7 265
7 253 46
253 7 46
7 254 299
254 7 299
7 257 293
257 7 293
7 259 256
259 7 256
7 260 286
260 7 286
7 261 128
261 7 128
7 262 122
262 7 122
7 263 388
263 7 388
