62 405
124946
0 3 341
3 0 341
0 4 292
4 0 292
0 5 233
5 0 233
0 6 187
6 0 187
0 7 170
7 0 170
0 9 426
9 0 426
0 10 161
10 0 161
0 11 457
11 0 457
0 14 359
14 0 359
0 15 191
15 0 191
0 20 54
20 0 54
0 25 182
25 0 182
0 27 402
27 0 402
0 28 43
28 0 43
0 29 132
29 0 132
0 30 75
30 0 75
0 31 227
31 0 227
0 34 264
34 0 264
0 35 198
35 0 198
0 36 61
36 0 61
0 38 450
38 0 450
0 40 308
40 0 308
0 46 277
46 0 277
0 47 96
47 0 96
0 48 287
48 0 287
0 51 253
51 0 253
0 55 371
55 0 371
0 57 380
57 0 380
0 58 299
58 0 299
0 60 328
60 0 328
0 63 431
63 0 431
0 65 390
65 0 390
0 68 53
68 0 53
0 69 400
69 0 400
0 71 242
71 0 242
0 73 191
73 0 191
0 74 111
74 0 111
0 75 466
75 0 466
0 77 54
77 0 54
0 81 97
81 0 97
0 84 231
84 0 231
0 85 141
85 0 141
0 86 307
86 0 307
0 87 139
87 0 139
0 88 332
88 0 332
0 90 270
90 0 270
0 92 247
92 0 247
0 93 409
93 0 409
0 95 354
95 0 354
0 97 43
97 0 43
0 99 347
99 0 347
0 103 361
103 0 361
0 104 224
104 0 224
0 107 389
107 0 389
0 112 83
112 0 83
0 115 188
115 0 188
0 120 151
120 0 151
0 123 271
123 0 271
0 125 231
125 0 231
0 126 314
126 0 314
0 127 194
127 0 194
0 128 347
128 0 347
0 129 443
129 0 443
0 130 405
130 0 405
0 131 422
131 0 422
0 133 316
133 0 316
0 134 100
134 0 100
0 136 422
136 0 422
0 137 156
137 0 156
0 140 311
140 0 311
0 141 120
141 0 120
0 145 199
145 0 199
0 147 120
147 0 120
0 148 218
148 0 218
0 149 114
149 0 114
0 151 212
151 0 212
0 153 185
153 0 185
0 154 210
154 0 210
0 155 251
155 0 251
0 159 106
159 0 106
0 160 299
160 0 299
0 161 60
161 0 60
0 162 192
162 0 192
0 166 54
166 0 54
0 167 189
167 0 189
0 172 299
172 0 299
0 174 352
174 0 352
0 176 457
176 0 457
0 177 88
177 0 88
0 178 349
178 0 349
0 181 346
181 0 346
0 182 171
182 0 171
0 184 234
184 0 234
0 187 158
187 0 158
0 188 302
188 0 302
0 189 389
189 0 389
0 190 129
190 0 129
0 192 223
192 0 223
0 193 365
193 0 365
0 194 125
194 0 125
0 195 367
195 0 367
0 201 361
201 0 361
0 203 129
203 0 129
0 204 136
204 0 136
0 207 131
207 0 131
0 208 166
208 0 166
0 209 169
209 0 169
0 210 41
210 0 41
0 211 93
211 0 93
0 212 184
212 0 184
0 213 264
213 0 264
0 219 145
219 0 145
0 220 120
220 0 120
0 222 129
222 0 129
0 224 418
224 0 418
0 227 387
227 0 387
0 228 144
228 0 144
0 230 120
230 0 120
0 233 108
233 0 108
0 234 281
234 0 281
0 236 381
236 0 381
0 237 337
237 0 337
0 240 241
240 0 241
0 243 354
243 0 354
0 244 244
244 0 244
0 247 77
247 0 77
0 248 92
248 0 92
0 249 429
249 0 429
0 251 205
251 0 205
0 252 85
252 0 85
0 253 189
253 0 189
0 256 69
256 0 69
0 258 355
258 0 355
0 259 319
259 0 319
0 262 189
262 0 189
0 264 334
264 0 334
0 267 131
267 0 131
0 269 409
269 0 409
0 272 213
272 0 213
0 273 282
273 0 282
0 275 262
275 0 262
0 279 349
279 0 349
0 280 153
280 0 153
0 282 75
282 0 75
0 284 200
284 0 200
0 285 185
285 0 185
0 286 166
286 0 166
0 287 99
287 0 99
0 288 428
288 0 428
0 292 293
292 0 293
0 294 416
294 0 416
0 296 404
296 0 404
0 297 189
297 0 189
0 298 386
298 0 386
0 302 315
302 0 315
0 304 344
304 0 344
0 305 386
305 0 386
0 307 89
307 0 89
0 309 263
309 0 263
0 310 248
310 0 248
0 313 143
313 0 143
0 317 186
317 0 186
0 318 149
318 0 149
0 320 165
320 0 165
0 328 436
328 0 436
0 331 174
331 0 174
0 332 404
332 0 404
0 333 321
333 0 321
0 336 199
336 0 199
0 337 92
337 0 92
0 338 429
338 0 429
0 339 386
339 0 386
0 340 400
340 0 400
0 341 222
341 0 222
0 343 116
343 0 116
0 344 464
344 0 464
0 345 230
345 0 230
0 346 231
346 0 231
0 348 282
348 0 282
0 349 115
349 0 115
0 350 78
350 0 78
0 353 105
353 0 105
0 358 426
358 0 426
0 360 315
360 0 315
0 361 130
361 0 130
0 363 314
363 0 314
0 364 136
364 0 136
0 368 407
368 0 407
0 371 172
371 0 172
0 375 408
375 0 408
0 376 175
376 0 175
0 382 58
382 0 58
0 385 230
385 0 230
0 386 116
386 0 116
0 387 308
387 0 308
0 388 333
388 0 333
0 389 320
389 0 320
0 391 292
391 0 292
0 393 125
393 0 125
0 396 188
396 0 188
0 401 26
401 0 26
0 404 399
404 0 399
0 406 332
406 0 332
0 407 254
407 0 254
0 408 295
408 0 295
0 411 275
411 0 275
0 415 350
415 0 350
0 416 188
416 0 188
0 417 276
417 0 276
0 418 405
418 0 405
0 422 154
422 0 154
0 423 297
423 0 297
0 426 308
426 0 308
0 427 172
427 0 172
0 429 105
429 0 105
0 430 286
430 0 286
0 431 370
431 0 370
0 433 278
433 0 278
0 435 220
435 0 220
0 438 349
438 0 349
0 439 53
439 0 53
0 444 230
444 0 230
0 447 93
447 0 93
0 450 171
450 0 171
0 451 271
451 0 271
0 452 158
452 0 158
0 453 243
453 0 243
0 457 38
457 0 38
0 458 198
458 0 198
0 460 350
460 0 350
0 463 251
463 0 251
0 464 185
464 0 185
0 465 175
465 0 175
0 466 351
466 0 351
0 467 210
467 0 210
0 470 400
470 0 400
0 474 272
474 0 272
0 475 295
475 0 295
0 478 376
478 0 376
0 481 268
481 0 268
0 482 264
482 0 264
0 485 73
485 0 73
0 487 367
487 0 367
0 488 460
488 0 460
0 492 440
492 0 440
0 496 393
496 0 393
0 497 246
497 0 246
0 499 250
499 0 250
1 3 482
3 1 482
1 5 433
5 1 433
1 6 393
6 1 393
1 12 215
12 1 215
1 13 216
13 1 216
1 16 358
16 1 358
1 17 423
17 1 423
1 19 242
19 1 242
1 22 251
22 1 251
1 23 98
23 1 98
1 24 500
24 1 500
1 26 334
26 1 334
1 28 170
28 1 170
1 30 198
30 1 198
1 34 146
34 1 146
1 38 509
38 1 509
1 40 387
40 1 387
1 41 319
41 1 319
1 43 357
43 1 357
1 44 217
44 1 217
1 45 261
45 1 261
1 46 145
46 1 145
1 47 301
47 1 301
1 48 372
48 1 372
1 50 255
50 1 255
1 51 183
51 1 183
1 53 437
53 1 437
1 54 389
54 1 389
1 55 274
55 1 274
1 57 514
57 1 514
1 61 170
61 1 170
1 62 179
62 1 179
1 64 177
64 1 177
1 65 332
65 1 332
1 67 69
67 1 69
1 69 287
69 1 287
1 71 268
71 1 268
1 72 314
72 1 314
1 74 255
74 1 255
1 77 260
77 1 260
1 79 360
79 1 360
1 80 224
80 1 224
1 82 202
82 1 202
1 83 265
83 1 265
1 89 309
89 1 309
1 90 437
90 1 437
1 91 258
91 1 258
1 92 357
92 1 357
1 94 500
94 1 500
1 99 458
99 1 458
1 101 481
101 1 481
1 103 353
103 1 353
1 105 274
105 1 274
1 106 353
106 1 353
1 108 459
108 1 459
1 109 445
109 1 445
1 111 228
111 1 228
1 116 450
116 1 450
1 117 518
117 1 518
1 119 502
119 1 502
1 120 56
120 1 56
1 126 265
126 1 265
1 128 502
128 1 502
1 129 541
129 1 541
1 132 91
132 1 91
1 134 111
134 1 111
1 135 380
135 1 380
1 137 351
137 1 351
1 139 294
139 1 294
1 142 512
142 1 512
1 144 188
144 1 188
1 147 183
147 1 183
1 152 423
152 1 423
1 154 343
154 1 343
1 155 408
155 1 408
1 159 311
159 1 311
1 162 386
162 1 386
1 167 138
167 1 138
1 168 197
168 1 197
1 169 397
169 1 397
1 172 187
172 1 187
1 174 455
174 1 455
1 175 294
175 1 294
1 176 561
176 1 561
1 177 276
177 1 276
1 178 300
178 1 300
1 179 347
179 1 347
1 180 365
180 1 365
1 183 569
183 1 569
1 186 272
186 1 272
1 187 227
187 1 227
1 188 301
188 1 301
1 189 441
189 1 441
1 193 408
193 1 408
1 194 135
194 1 135
1 195 268
195 1 268
1 196 207
196 1 207
1 197 320
197 1 320
1 198 296
198 1 296
1 201 448
201 1 448
1 202 93
202 1 93
1 204 309
204 1 309
1 205 384
205 1 384
1 212 368
212 1 368
1 213 136
213 1 136
1 217 402
217 1 402
1 218 408
218 1 408
1 220 321
220 1 321
1 223 277
223 1 277
1 224 527
224 1 527
1 225 385
225 1 385
1 232 520
232 1 520
1 233 180
233 1 180
1 234 335
234 1 335
1 235 181
235 1 181
1 236 418
236 1 418
1 237 465
237 1 465
1 238 159
238 1 159
1 239 213
239 1 213
1 240 432
240 1 432
1 242 279
242 1 279
1 243 474
243 1 474
1 246 546
246 1 546
1 247 172
247 1 172
1 249 329
249 1 329
1 250 431
250 1 431
1 258 509
258 1 509
1 259 384
259 1 384
1 260 372
260 1 372
1 261 300
261 1 300
1 262 57
262 1 57
1 264 260
264 1 260
1 267 138
267 1 138
1 269 500
269 1 500
1 270 216
270 1 216
1 272 125
272 1 125
1 273 471
273 1 471
1 276 385
276 1 385
1 281 392
281 1 392
1 287 280
287 1 280
1 290 142
290 1 142
1 292 492
292 1 492
1 293 288
293 1 288
1 294 444
294 1 444
1 295 437
295 1 437
1 296 416
296 1 416
1 300 170
300 1 170
1 304 368
304 1 368
1 305 526
305 1 526
1 306 348
306 1 348
1 312 344
312 1 344
1 314 79
314 1 79
1 315 226
315 1 226
1 316 360
316 1 360
1 317 357
317 1 357
1 318 142
318 1 142
1 319 272
319 1 272
1 320 202
320 1 202
1 322 86
322 1 86
1 323 226
323 1 226
1 324 488
324 1 488
1 325 44
325 1 44
1 329 92
329 1 92
1 331 366
331 1 366
1 334 203
334 1 203
1 335 259
335 1 259
1 336 362
336 1 362
1 337 239
337 1 239
1 339 467
339 1 467
1 340 464
340 1 464
1 341 377
341 1 377
1 342 212
342 1 212
1 344 545
344 1 545
1 348 218
348 1 218
1 349 120
349 1 120
1 350 266
350 1 266
1 352 171
352 1 171
1 355 431
355 1 431
1 359 83
359 1 83
1 361 331
361 1 331
1 362 229
362 1 229
1 364 340
364 1 340
1 366 420
366 1 420
1 368 401
368 1 401
1 372 439
372 1 439
1 375 337
375 1 337
1 378 86
378 1 86
1 379 402
379 1 402
1 380 365
380 1 365
1 381 272
381 1 272
1 382 238
382 1 238
1 383 413
383 1 413
1 386 90
386 1 90
1 389 369
389 1 369
1 391 416
391 1 416
1 393 301
393 1 301
1 394 420
394 1 420
1 396 110
396 1 110
1 397 448
397 1 448
1 399 304
399 1 304
1 400 476
400 1 476
1 401 228
401 1 228
1 402 226
402 1 226
1 404 401
404 1 401
1 411 396
411 1 396
1 416 301
416 1 301
1 417 311
417 1 311
1 418 382
418 1 382
1 420 166
420 1 166
1 423 166
423 1 166
1 424 212
424 1 212
1 425 468
425 1 468
1 426 310
426 1 310
1 427 360
427 1 360
1 428 335
428 1 335
1 432 356
432 1 356
1 433 357
433 1 357
1 435 377
435 1 377
1 436 12
436 1 12
1 438 261
438 1 261
1 439 182
439 1 182
1 443 393
443 1 393
1 445 476
445 1 476
1 446 405
446 1 405
1 447 282
447 1 282
1 449 364
449 1 364
1 454 379
454 1 379
1 455 537
455 1 537
1 456 377
456 1 377
1 458 368
458 1 368
1 461 85
461 1 85
1 466 254
466 1 254
1 467 49
467 1 49
1 469 414
469 1 414
1 470 348
470 1 348
1 471 248
471 1 248
1 472 217
472 1 217
1 473 500
473 1 500
1 475 193
475 1 193
1 476 339
476 1 339
1 477 274
477 1 274
1 482 124
482 1 124
1 484 456
484 1 456
1 486 507
486 1 507
1 487 374
487 1 374
1 488 543
488 1 543
1 491 358
491 1 358
1 492 361
492 1 361
1 494 255
494 1 255
1 495 519
495 1 519
1 496 437
496 1 437
1 497 407
497 1 407
1 498 480
498 1 480
1 499 220
499 1 220
2 3 209
3 2 209
2 5 89
5 2 89
2 9 320
9 2 320
2 15 91
15 2 91
2 16 462
16 2 462
2 17 227
17 2 227
2 18 299
18 2 299
2 20 202
20 2 202
2 24 307
24 2 307
2 27 344
27 2 344
2 28 201
28 2 201
2 29 277
29 2 277
2 34 358
34 2 358
2 35 248
35 2 248
2 38 377
38 2 377
2 39 267
39 2 267
2 43 96
43 2 96
2 44 311
44 2 311
2 47 117
47 2 117
2 50 119
50 2 119
2 51 324
51 2 324
2 59 233
59 2 233
2 60 188
60 2 188
2 63 365
63 2 365
2 64 343
64 2 343
2 66 324
66 2 324
2 67 281
67 2 281
2 68 147
68 2 147
2 69 465
69 2 465
2 72 383
72 2 383
2 73 63
73 2 63
2 74 110
74 2 110
2 76 490
76 2 490
2 78 243
78 2 243
2 80 142
80 2 142
2 81 104
81 2 104
2 82 361
82 2 361
2 83 360
83 2 360
2 85 262
85 2 262
2 88 269
88 2 269
2 89 41
89 2 41
2 90 124
90 2 124
2 94 301
94 2 301
2 98 3
98 2 3
2 99 243
99 2 243
2 100 306
100 2 306
2 101 352
101 2 352
2 106 28
106 2 28
2 107 338
107 2 338
2 108 144
108 2 144
2 111 356
111 2 356
2 112 76
112 2 76
2 113 371
113 2 371
2 114 391
114 2 391
2 119 256
119 2 256
2 124 197
124 2 197
2 125 249
125 2 249
2 126 352
126 2 352
2 129 337
129 2 337
2 131 411
131 2 411
2 134 239
134 2 239
2 135 286
135 2 286
2 136 464
136 2 464
2 137 13
137 2 13
2 140 176
140 2 176
2 145 350
145 2 350
2 146 258
146 2 258
2 151 316
151 2 316
2 152 308
152 2 308
2 156 429
156 2 429
2 160 179
160 2 179
2 163 371
163 2 371
2 164 196
164 2 196
2 166 152
166 2 152
2 167 279
167 2 279
2 168 179
168 2 179
2 171 233
171 2 233
2 173 129
173 2 129
2 175 437
175 2 437
2 179 28
179 2 28
2 181 285
181 2 285
2 182 23
182 2 23
2 183 368
183 2 368
2 184 76
184 2 76
2 186 284
186 2 284
2 187 184
187 2 184
2 188 309
188 2 309
2 192 334
192 2 334
2 194 230
194 2 230
2 197 469
197 2 469
2 198 101
198 2 101
2 199 369
199 2 369
2 203 56
203 2 56
2 204 53
204 2 53
2 205 202
205 2 202
2 206 173
206 2 173
2 208 132
208 2 132
2 209 232
209 2 232
2 211 244
211 2 244
2 214 275
214 2 275
2 216 175
216 2 175
2 217 52
217 2 52
2 220 48
220 2 48
2 222 126
222 2 126
2 224 307
224 2 307
2 225 156
225 2 156
2 226 310
226 2 310
2 227 324
227 2 324
2 229 204
229 2 204
2 230 101
230 2 101
2 233 186
233 2 186
2 234 248
234 2 248
2 235 296
235 2 296
2 237 219
237 2 219
2 239 408
239 2 408
2 240 83
240 2 83
2 242 79
242 2 79
2 243 241
243 2 241
2 244 128
244 2 128
2 246 374
246 2 374
2 247 180
247 2 180
2 248 131
248 2 131
2 250 101
250 2 101
2 251 364
251 2 364
2 254 156
254 2 156
2 255 150
255 2 150
2 256 121
256 2 121
2 257 201
257 2 201
2 259 264
259 2 264
2 262 343
262 2 343
2 270 419
270 2 419
2 271 113
271 2 113
2 273 124
273 2 124
2 276 377
276 2 377
2 277 283
277 2 283
2 279 342
279 2 342
2 280 300
280 2 300
2 281 93
281 2 93
2 282 220
282 2 220
2 286 292
286 2 292
2 287 70
287 2 70
2 288 303
288 2 303
2 289 201
289 2 201
2 290 269
290 2 269
2 291 98
291 2 98
2 292 143
292 2 143
2 293 456
293 2 456
2 297 290
297 2 290
2 299 209
299 2 209
2 301 310
301 2 310
2 302 251
302 2 251
2 304 320
304 2 320
2 306 23
306 2 23
2 307 235
307 2 235
2 314 285
314 2 285
2 315 124
315 2 124
2 318 242
318 2 242
2 319 166
319 2 166
2 320 213
320 2 213
2 323 140
323 2 140
2 324 163
324 2 163
2 331 16
331 2 16
2 332 307
332 2 307
2 334 158
334 2 158
2 335 103
335 2 103
2 336 75
336 2 75
2 337 118
337 2 118
2 338 319
338 2 319
2 340 329
340 2 329
2 341 101
341 2 101
2 342 379
342 2 379
2 343 103
343 2 103
2 346 163
346 2 163
2 348 339
348 2 339
2 350 163
350 2 163
2 351 259
351 2 259
2 353 146
353 2 146
2 354 460
354 2 460
2 355 175
355 2 175
2 357 155
357 2 155
2 358 441
358 2 441
2 363 402
363 2 402
2 368 392
368 2 392
2 373 432
373 2 432
2 374 80
374 2 80
2 375 442
375 2 442
2 376 88
376 2 88
2 377 422
377 2 422
2 378 265
378 2 265
2 380 491
380 2 491
2 381 411
381 2 411
2 382 175
382 2 175
2 383 135
383 2 135
2 384 218
384 2 218
2 387 399
387 2 399
2 388 183
388 2 183
2 389 280
389 2 280
2 390 310
390 2 310
2 391 186
391 2 186
2 392 259
392 2 259
2 399 74
399 2 74
2 400 210
400 2 210
2 403 319
403 2 319
2 404 379
404 2 379
2 407 96
407 2 96
2 408 333
408 2 333
2 409 304
409 2 304
2 410 339
410 2 339
2 411 177
411 2 177
2 412 330
412 2 330
2 413 111
413 2 111
2 416 143
416 2 143
2 417 262
417 2 262
2 420 201
420 2 201
2 421 131
421 2 131
2 424 236
424 2 236
2 425 130
425 2 130
2 427 17
427 2 17
2 428 290
428 2 290
2 429 70
429 2 70
2 430 268
430 2 268
2 433 224
433 2 224
2 435 95
435 2 95
2 436 344
436 2 344
2 438 406
438 2 406
2 442 115
442 2 115
2 444 332
444 2 332
2 445 127
445 2 127
2 446 268
446 2 268
2 447 68
447 2 68
2 450 291
450 2 291
2 451 170
451 2 170
2 452 83
452 2 83
2 453 315
453 2 315
2 454 45
454 2 45
2 455 371
455 2 371
2 456 52
456 2 52
2 462 192
462 2 192
2 464 55
464 2 55
2 466 413
466 2 413
2 469 231
469 2 231
2 470 421
470 2 421
2 473 359
473 2 359
2 474 139
474 2 139
2 475 373
475 2 373
2 476 54
476 2 54
2 478 396
478 2 396
2 479 293
479 2 293
2 482 370
482 2 370
2 483 367
483 2 367
2 484 380
484 2 380
2 494 278
494 2 278
2 495 325
495 2 325
3 4 415
4 3 415
3 5 221
5 3 221
3 8 479
8 3 479
3 9 125
9 3 125
3 12 406
12 3 406
3 14 204
14 3 204
3 17 96
17 3 96
3 18 363
18 3 363
3 20 365
20 3 365
3 23 419
23 3 419
3 24 125
24 3 125
3 27 212
27 3 212
3 31 409
31 3 409
3 32 243
32 3 243
3 33 373
33 3 373
3 34 423
34 3 423
3 36 334
36 3 334
3 39 139
39 3 139
3 42 343
42 3 343
3 43 301
43 3 301
3 45 225
45 3 225
3 46 442
46 3 442
3 47 326
47 3 326
3 48 145
48 3 145
3 49 199
49 3 199
3 50 233
50 3 233
3 53 93
53 3 93
3 57 40
57 3 40
3 59 425
59 3 425
3 60 34
60 3 34
3 64 393
64 3 393
3 65 385
65 3 385
3 66 392
66 3 392
3 67 422
67 3 422
3 68 304
68 3 304
3 70 441
70 3 441
3 74 237
74 3 237
3 80 330
80 3 330
3 81 248
81 3 248
3 82 397
82 3 397
3 84 297
84 3 297
3 85 383
85 3 383
3 87 221
87 3 221
3 88 161
88 3 161
3 90 91
90 3 91
3 92 129
92 3 129
3 98 212
98 3 212
3 99 74
99 3 74
3 105 419
105 3 419
3 106 184
106 3 184
3 109 100
109 3 100
3 110 301
110 3 301
3 111 377
111 3 377
3 112 275
112 3 275
3 115 222
115 3 222
3 116 33
116 3 33
3 118 98
118 3 98
3 119 52
119 3 52
3 120 432
120 3 432
3 121 160
121 3 160
3 123 79
123 3 79
3 124 393
124 3 393
3 125 268
125 3 268
3 128 41
128 3 41
3 129 141
129 3 141
3 135 198
135 3 198
3 136 439
136 3 439
3 137 220
137 3 220
3 138 173
138 3 173
3 140 34
140 3 34
3 142 200
142 3 200
3 144 304
144 3 304
3 152 188
152 3 188
3 154 139
154 3 139
3 156 411
156 3 411
3 157 346
157 3 346
3 161 305
161 3 305
3 163 199
163 3 199
3 164 221
164 3 221
3 166 354
166 3 354
3 167 362
167 3 362
3 168 285
168 3 285
3 169 113
169 3 113
3 172 426
172 3 426
3 180 218
180 3 218
3 182 216
182 3 216
3 184 172
184 3 172
3 186 279
186 3 279
3 187 257
187 3 257
3 189 201
189 3 201
3 191 437
191 3 437
3 192 426
192 3 426
3 194 347
194 3 347
3 195 434
195 3 434
3 196 277
196 3 277
3 197 456
197 3 456
3 198 309
198 3 309
3 199 350
199 3 350
3 200 324
200 3 324
3 202 426
202 3 426
3 204 206
204 3 206
3 206 316
206 3 316
3 207 210
207 3 210
3 208 197
208 3 197
3 209 309
209 3 309
3 210 319
210 3 319
3 211 434
211 3 434
3 212 178
212 3 178
3 213 435
213 3 435
3 219 297
219 3 297
3 220 257
220 3 257
3 221 312
221 3 312
3 222 230
222 3 230
3 223 295
223 3 295
3 224 107
224 3 107
3 225 97
225 3 97
3 229 69
229 3 69
3 230 226
230 3 226
3 232 110
232 3 110
3 234 200
234 3 200
3 235 349
235 3 349
3 239 442
239 3 442
3 242 276
242 3 276
3 244 97
244 3 97
3 245 242
245 3 242
3 246 188
246 3 188
3 248 265
248 3 265
3 251 530
251 3 530
3 254 298
254 3 298
3 255 217
255 3 217
3 258 44
258 3 44
3 265 303
265 3 303
3 267 343
267 3 343
3 268 432
268 3 432
3 269 134
269 3 134
3 270 455
270 3 455
3 271 179
271 3 179
3 272 393
272 3 393
3 282 376
282 3 376
3 283 458
283 3 458
3 285 315
285 3 315
3 287 243
287 3 243
3 292 211
292 3 211
3 293 459
293 3 459
3 295 179
295 3 179
3 298 45
298 3 45
3 300 315
300 3 315
3 305 45
305 3 45
3 307 388
307 3 388
3 309 380
309 3 380
3 310 217
310 3 217
3 312 464
312 3 464
3 314 440
314 3 440
3 315 283
315 3 283
3 316 448
316 3 448
3 319 211
319 3 211
3 320 285
320 3 285
3 322 407
322 3 407
3 324 91
324 3 91
3 326 65
326 3 65
3 327 322
327 3 322
3 328 462
328 3 462
3 330 240
330 3 240
3 331 201
331 3 201
3 332 127
332 3 127
3 334 283
334 3 283
3 336 143
336 3 143
3 337 258
337 3 258
3 340 182
340 3 182
3 343 313
343 3 313
3 346 144
346 3 144
3 348 366
348 3 366
3 349 363
349 3 363
3 352 313
352 3 313
3 354 450
354 3 450
3 356 242
356 3 242
3 357 226
357 3 226
3 361 251
361 3 251
3 363 450
363 3 450
3 364 327
364 3 327
3 366 266
366 3 266
3 367 75
367 3 75
3 370 163
370 3 163
3 371 182
371 3 182
3 373 460
373 3 460
3 375 412
375 3 412
3 376 283
376 3 283
3 381 413
381 3 413
3 382 376
382 3 376
3 384 408
384 3 408
3 387 451
387 3 451
3 388 68
388 3 68
3 389 201
389 3 201
3 395 483
395 3 483
3 396 516
396 3 516
3 397 115
397 3 115
3 398 308
398 3 308
3 400 9
400 3 9
3 403 381
403 3 381
3 404 293
404 3 293
3 407 140
407 3 140
3 409 366
409 3 366
3 416 180
416 3 180
3 418 337
418 3 337
3 419 104
419 3 104
3 421 249
421 3 249
3 422 263
422 3 263
3 423 449
423 3 449
3 424 288
424 3 288
3 425 251
425 3 251
3 426 278
426 3 278
3 428 239
428 3 239
3 429 278
429 3 278
3 430 228
430 3 228
3 432 237
432 3 237
3 437 301
437 3 301
3 438 414
438 3 414
3 439 322
439 3 322
3 440 391
440 3 391
3 441 367
441 3 367
3 442 274
442 3 274
3 444 413
444 3 413
3 445 201
445 3 201
3 446 157
446 3 157
3 447 252
447 3 252
3 452 183
452 3 183
3 455 189
455 3 189
3 460 388
460 3 388
3 462 237
462 3 237
3 463 289
463 3 289
3 464 237
464 3 237
3 465 226
465 3 226
3 466 426
466 3 426
3 467 453
467 3 453
3 470 379
470 3 379
3 475 414
475 3 414
3 478 358
478 3 358
3 479 152
479 3 152
3 480 299
480 3 299
3 481 203
481 3 203
3 483 203
483 3 203
3 484 255
484 3 255
3 485 413
485 3 413
3 486 213
486 3 213
3 488 176
488 3 176
3 490 34
490 3 34
3 493 268
493 3 268
3 495 137
495 3 137
3 497 100
497 3 100
3 499 326
499 3 326
4 6 447
6 4 447
4 7 245
7 4 245
4 8 305
8 4 305
4 9 414
9 4 414
4 11 431
11 4 431
4 12 342
12 4 342
4 13 330
13 4 330
4 16 168
16 4 168
4 23 96
23 4 96
4 26 410
26 4 410
4 28 280
28 4 280
4 30 329
30 4 329
4 34 42
34 4 42
4 37 343
37 4 343
4 38 367
38 4 367
4 39 310
39 4 310
4 40 279
40 4 279
4 41 239
41 4 239
4 46 49
46 4 49
4 48 274
48 4 274
4 49 460
49 4 460
4 51 47
51 4 47
4 52 437
52 4 437
4 53 408
53 4 408
4 54 292
54 4 292
4 58 309
58 4 309
4 59 330
59 4 330
4 60 428
60 4 428
4 63 340
63 4 340
4 65 145
65 4 145
4 66 58
66 4 58
4 68 253
68 4 253
4 69 109
69 4 109
4 73 431
73 4 431
4 75 439
75 4 439
4 76 183
76 4 183
4 77 339
77 4 339
4 82 20
82 4 20
4 83 87
83 4 87
4 84 119
84 4 119
4 85 160
85 4 160
4 86 443
86 4 443
4 88 284
88 4 284
4 89 342
89 4 342
4 90 407
90 4 407
4 95 61
95 4 61
4 97 328
97 4 328
4 98 374
98 4 374
4 99 366
99 4 366
4 102 162
102 4 162
4 105 85
105 4 85
4 108 425
108 4 425
4 109 420
109 4 420
4 110 139
110 4 139
4 113 114
113 4 114
4 116 382
116 4 382
4 118 444
118 4 444
4 120 192
120 4 192
4 122 231
122 4 231
4 123 395
123 4 395
4 126 91
126 4 91
4 127 410
127 4 410
4 129 425
129 4 425
4 130 246
130 4 246
4 132 269
132 4 269
4 133 122
133 4 122
4 134 207
134 4 207
4 136 149
136 4 149
4 138 362
138 4 362
4 140 405
140 4 405
4 144 224
144 4 224
4 145 219
145 4 219
4 146 125
146 4 125
4 151 89
151 4 89
4 154 300
154 4 300
4 157 298
157 4 298
4 159 389
159 4 389
4 160 550
160 4 550
4 161 244
161 4 244
4 162 403
162 4 403
4 163 383
163 4 383
4 166 347
166 4 347
4 168 194
168 4 194
4 169 306
169 4 306
4 171 300
171 4 300
4 174 355
174 4 355
4 178 119
178 4 119
4 182 394
182 4 394
4 185 441
185 4 441
4 196 173
196 4 173
4 197 135
197 4 135
4 198 369
198 4 369
4 199 116
199 4 116
4 201 335
201 4 335
4 204 318
204 4 318
4 205 299
205 4 299
4 206 226
206 4 226
4 207 310
207 4 310
4 209 139
209 4 139
4 210 256
210 4 256
4 211 325
211 4 325
4 213 54
213 4 54
4 214 203
214 4 203
4 221 386
221 4 386
4 222 246
222 4 246
4 223 341
223 4 341
4 224 422
224 4 422
4 225 324
225 4 324
4 229 348
229 4 348
4 231 442
231 4 442
4 232 413
232 4 413
4 234 222
234 4 222
4 236 272
236 4 272
4 237 387
237 4 387
4 240 436
240 4 436
4 241 511
241 4 511
4 243 387
243 4 387
4 244 344
244 4 344
4 245 207
245 4 207
4 247 218
247 4 218
4 251 291
251 4 291
4 252 208
252 4 208
4 253 210
253 4 210
4 254 234
254 4 234
4 255 229
255 4 229
4 257 170
257 4 170
4 260 444
260 4 444
4 263 53
263 4 53
4 266 177
266 4 177
4 269 383
269 4 383
4 272 82
272 4 82
4 276 216
276 4 216
4 277 290
277 4 290
4 279 188
279 4 188
4 280 203
280 4 203
4 284 220
284 4 220
4 285 124
285 4 124
4 287 308
287 4 308
4 289 347
289 4 347
4 295 306
295 4 306
4 296 253
296 4 253
4 300 149
300 4 149
4 308 439
308 4 439
4 309 37
309 4 37
4 314 231
314 4 231
4 316 172
316 4 172
4 321 364
321 4 364
4 322 123
322 4 123
4 324 456
324 4 456
4 325 185
325 4 185
4 327 279
327 4 279
4 329 106
329 4 106
4 330 206
330 4 206
4 331 384
331 4 384
4 337 258
337 4 258
4 339 347
339 4 347
4 340 331
340 4 331
4 341 345
341 4 345
4 343 396
343 4 396
4 346 276
346 4 276
4 350 371
350 4 371
4 351 371
351 4 371
4 352 197
352 4 197
4 360 331
360 4 331
4 361 374
361 4 374
4 362 328
362 4 328
4 363 35
363 4 35
4 364 419
364 4 419
4 367 351
367 4 351
4 368 230
368 4 230
4 369 93
369 4 93
4 371 360
371 4 360
4 373 63
373 4 63
4 374 353
374 4 353
4 376 438
376 4 438
4 378 180
378 4 180
4 380 178
380 4 178
4 382 347
382 4 347
4 386 210
386 4 210
4 387 36
387 4 36
4 390 104
390 4 104
4 391 344
391 4 344
4 393 316
393 4 316
4 395 204
395 4 204
4 397 340
397 4 340
4 398 128
398 4 128
4 401 300
401 4 300
4 404 234
404 4 234
4 406 459
406 4 459
4 410 238
410 4 238
4 412 208
412 4 208
4 413 360
413 4 360
4 416 254
416 4 254
4 417 190
417 4 190
4 418 203
418 4 203
4 420 182
420 4 182
4 421 241
421 4 241
4 422 185
422 4 185
4 424 139
424 4 139
4 425 502
425 4 502
4 426 161
426 4 161
4 427 373
427 4 373
4 428 199
428 4 199
4 429 366
429 4 366
4 430 197
430 4 197
4 431 223
431 4 223
4 433 257
433 4 257
4 434 374
434 4 374
4 436 199
436 4 199
4 437 138
437 4 138
4 438 71
438 4 71
4 440 24
440 4 24
4 441 74
441 4 74
4 444 74
444 4 74
4 446 288
446 4 288
4 447 318
447 4 318
4 448 129
448 4 129
4 449 419
449 4 419
4 450 139
450 4 139
4 451 329
451 4 329
4 453 56
453 4 56
4 454 380
454 4 380
4 459 136
459 4 136
4 464 423
464 4 423
4 465 208
465 4 208
4 467 140
467 4 140
4 468 206
468 4 206
4 472 213
472 4 213
4 473 362
473 4 362
4 474 382
474 4 382
4 475 4
475 4 4
4 476 334
476 4 334
4 478 151
478 4 151
4 479 322
479 4 322
4 480 118
480 4 118
4 482 68
482 4 68
4 484 300
484 4 300
4 487 213
487 4 213
4 499 89
499 4 89
5 7 403
7 5 403
5 13 249
13 5 249
5 14 370
14 5 370
5 15 66
15 5 66
5 17 272
17 5 272
5 18 388
18 5 388
5 20 282
20 5 282
5 22 394
22 5 394
5 25 53
25 5 53
5 26 134
26 5 134
5 27 398
27 5 398
5 28 275
28 5 275
5 30 283
30 5 283
5 31 417
31 5 417
5 33 454
33 5 454
5 36 267
36 5 267
5 38 420
38 5 420
5 41 265
41 5 265
5 42 255
42 5 255
5 44 398
44 5 398
5 49 25
49 5 25
5 53 130
53 5 130
5 55 514
55 5 514
5 56 386
56 5 386
5 59 294
59 5 294
5 60 190
60 5 190
5 64 432
64 5 432
5 66 413
66 5 413
5 67 364
67 5 364
5 69 551
69 5 551
5 70 345
70 5 345
5 72 464
72 5 464
5 73 43
73 5 43
5 74 199
74 5 199
5 76 571
76 5 571
5 77 184
77 5 184
5 80 215
80 5 215
5 82 449
82 5 449
5 85 349
85 5 349
5 86 143
86 5 143
5 87 107
87 5 107
5 88 326
88 5 326
5 90 132
90 5 132
5 91 510
91 5 510
5 95 516
95 5 516
5 97 240
97 5 240
5 104 18
104 5 18
5 106 101
106 5 101
5 109 121
109 5 121
5 113 453
113 5 453
5 117 339
117 5 339
5 118 319
118 5 319
5 119 273
119 5 273
5 120 377
120 5 377
5 126 436
126 5 436
5 127 49
127 5 49
5 128 199
128 5 199
5 129 362
129 5 362
5 130 448
130 5 448
5 131 482
131 5 482
5 132 393
132 5 393
5 138 101
138 5 101
5 139 237
139 5 237
5 141 351
141 5 351
5 144 253
144 5 253
5 145 431
145 5 431
5 146 344
146 5 344
5 148 36
148 5 36
5 150 480
150 5 480
5 151 405
151 5 405
5 153 396
153 5 396
5 155 147
155 5 147
5 157 234
157 5 234
5 159 149
159 5 149
5 160 95
160 5 95
5 162 57
162 5 57
5 164 277
164 5 277
5 166 210
166 5 210
5 170 528
170 5 528
5 171 301
171 5 301
5 172 469
172 5 469
5 173 179
173 5 179
5 174 293
174 5 293
5 175 522
175 5 522
5 178 461
178 5 461
5 180 360
180 5 360
5 181 342
181 5 342
5 182 67
182 5 67
5 183 389
183 5 389
5 184 50
184 5 50
5 185 249
185 5 249
5 186 365
186 5 365
5 187 272
187 5 272
5 191 342
191 5 342
5 192 423
192 5 423
5 193 379
193 5 379
5 194 318
194 5 318
5 198 153
198 5 153
5 199 451
199 5 451
5 200 263
200 5 263
5 210 240
210 5 240
5 212 89
212 5 89
5 213 453
213 5 453
5 215 527
215 5 527
5 217 52
217 5 52
5 218 448
218 5 448
5 221 143
221 5 143
5 224 328
224 5 328
5 225 206
225 5 206
5 228 375
228 5 375
5 229 243
229 5 243
5 231 363
231 5 363
5 238 421
238 5 421
5 239 496
239 5 496
5 241 51
241 5 51
5 242 155
242 5 155
5 244 173
244 5 173
5 248 220
248 5 220
5 249 564
249 5 564
5 251 437
251 5 437
5 256 208
256 5 208
5 259 325
259 5 325
5 260 112
260 5 112
5 261 269
261 5 269
5 268 550
268 5 550
5 270 508
270 5 508
5 271 52
271 5 52
5 273 77
273 5 77
5 277 338
277 5 338
5 278 305
278 5 305
5 279 415
279 5 415
5 280 382
280 5 382
5 282 301
282 5 301
5 284 432
284 5 432
5 285 336
285 5 336
5 286 379
286 5 379
5 289 259
289 5 259
5 290 358
290 5 358
5 291 109
291 5 109
5 292 61
292 5 61
5 293 542
293 5 542
5 294 432
294 5 432
5 297 379
297 5 379
5 300 314
300 5 314
5 302 309
302 5 309
5 303 212
303 5 212
5 304 389
304 5 389
5 305 252
305 5 252
5 306 85
306 5 85
5 308 372
308 5 372
5 310 15
310 5 15
5 312 569
312 5 569
5 313 277
313 5 277
5 314 365
314 5 365
5 316 563
316 5 563
5 317 120
317 5 120
5 319 249
319 5 249
5 320 301
320 5 301
5 321 349
321 5 349
5 323 229
323 5 229
5 324 143
324 5 143
5 326 210
326 5 210
5 328 566
328 5 566
5 329 405
329 5 405
5 330 371
330 5 371
5 331 75
331 5 75
5 333 384
333 5 384
5 336 134
336 5 134
5 337 207
337 5 207
5 338 341
338 5 341
5 340 376
340 5 376
5 342 466
342 5 466
5 343 138
343 5 138
5 344 402
344 5 402
5 345 436
345 5 436
5 346 230
346 5 230
5 347 157
347 5 157
5 348 426
348 5 426
5 351 292
351 5 292
5 353 235
353 5 235
5 356 332
356 5 332
5 357 241
357 5 241
5 360 266
360 5 266
5 361 103
361 5 103
5 362 225
362 5 225
5 365 211
365 5 211
5 366 432
366 5 432
5 367 264
367 5 264
5 368 461
368 5 461
5 369 382
369 5 382
5 371 101
371 5 101
5 373 520
373 5 520
5 374 131
374 5 131
5 378 350
378 5 350
5 379 246
379 5 246
5 381 497
381 5 497
5 384 283
384 5 283
5 387 488
387 5 488
5 388 169
388 5 169
5 392 343
392 5 343
5 393 144
393 5 144
5 394 294
394 5 294
5 396 418
396 5 418
5 397 310
397 5 310
5 400 226
400 5 226
5 402 322
402 5 322
5 403 408
403 5 408
5 404 448
404 5 448
5 406 165
406 5 165
5 407 81
407 5 81
5 411 225
411 5 225
5 413 150
413 5 150
5 414 510
414 5 510
5 415 402
415 5 402
5 416 221
416 5 221
5 418 478
418 5 478
5 422 274
422 5 274
5 424 323
424 5 323
5 426 388
426 5 388
5 427 87
427 5 87
5 429 128
429 5 128
5 431 419
431 5 419
5 433 289
433 5 289
5 441 446
441 5 446
5 445 49
445 5 49
5 447 152
447 5 152
5 448 562
448 5 562
5 449 87
449 5 87
5 451 217
451 5 217
5 452 165
452 5 165
5 454 88
454 5 88
5 456 58
456 5 58
5 457 240
457 5 240
5 458 119
458 5 119
5 459 435
459 5 435
5 461 350
461 5 350
5 463 68
463 5 68
5 464 48
464 5 48
5 465 257
465 5 257
5 466 500
466 5 500
5 469 279
469 5 279
5 470 500
470 5 500
5 471 220
471 5 220
5 472 248
472 5 248
5 477 455
477 5 455
5 488 395
488 5 395
5 490 195
490 5 195
5 491 416
491 5 416
5 492 556
492 5 556
5 493 75
493 5 75
5 494 361
494 5 361
5 495 355
495 5 355
5 497 138
497 5 138
5 499 384
499 5 384
6 7 355
7 6 355
6 9 398
9 6 398
6 10 164
10 6 164
6 12 208
12 6 208
6 13 193
13 6 193
6 16 550
16 6 550
6 17 313
17 6 313
6 19 168
19 6 168
6 21 48
21 6 48
6 23 390
23 6 390
6 26 69
26 6 69
6 28 227
28 6 227
6 32 473
32 6 473
6 33 453
33 6 453
6 36 233
36 6 233
6 37 278
37 6 278
6 39 355
39 6 355
6 42 215
42 6 215
6 43 42
43 6 42
6 44 393
44 6 393
6 50 200
50 6 200
6 57 318
57 6 318
6 59 236
59 6 236
6 61 222
61 6 222
6 63 453
63 6 453
6 65 506
65 6 506
6 67 324
67 6 324
6 68 201
68 6 201
6 72 471
72 6 471
6 75 439
75 6 439
6 79 92
79 6 92
6 81 177
81 6 177
6 82 439
82 6 439
6 84 351
84 6 351
6 85 318
85 6 318
6 86 206
86 6 206
6 88 359
88 6 359
6 89 106
89 6 106
6 90 187
90 6 187
6 91 504
91 6 504
6 92 261
92 6 261
6 93 387
93 6 387
6 94 382
94 6 382
6 98 88
98 6 88
6 99 324
99 6 324
6 101 439
101 6 439
6 107 428
107 6 428
6 108 201
108 6 201
6 109 179
109 6 179
6 110 413
110 6 413
6 111 437
111 6 437
6 112 114
112 6 114
6 114 478
114 6 478
6 115 57
115 6 57
6 117 391
117 6 391
6 119 329
119 6 329
6 122 320
122 6 320
6 125 336
125 6 336
6 128 262
128 6 262
6 129 415
129 6 415
6 131 503
131 6 503
6 135 377
135 6 377
6 138 123
138 6 123
6 139 249
139 6 249
6 140 244
140 6 244
6 145 387
145 6 387
6 147 261
147 6 261
6 149 300
149 6 300
6 150 493
150 6 493
6 151 381
151 6 381
6 154 215
154 6 215
6 156 514
156 6 514
6 157 187
157 6 187
6 160 112
160 6 112
6 162 84
162 6 84
6 163 456
163 6 456
6 164 284
164 6 284
6 165 255
165 6 255
6 166 153
166 6 153
6 169 304
169 6 304
6 174 339
174 6 339
6 175 521
175 6 521
6 177 133
177 6 133
6 179 68
179 6 68
6 180 384
180 6 384
6 183 444
183 6 444
6 185 309
185 6 309
6 187 266
187 6 266
6 189 420
189 6 420
6 191 293
191 6 293
6 193 409
193 6 409
6 195 509
195 6 509
6 196 277
196 6 277
6 198 98
198 6 98
6 199 456
199 6 456
6 202 303
202 6 303
6 203 63
203 6 63
6 204 139
204 6 139
6 205 291
205 6 291
6 206 230
206 6 230
6 207 146
207 6 146
6 210 205
210 6 205
6 212 112
212 6 112
6 215 531
215 6 531
6 216 238
216 6 238
6 218 472
218 6 472
6 220 80
220 6 80
6 221 85
221 6 85
6 222 208
222 6 208
6 224 382
224 6 382
6 225 243
225 6 243
6 228 332
228 6 332
6 229 288
229 6 288
6 230 182
230 6 182
6 232 384
232 6 384
6 234 339
234 6 339
6 235 373
235 6 373
6 236 428
236 6 428
6 237 295
237 6 295
6 240 113
240 6 113
6 241 100
241 6 100
6 244 212
244 6 212
6 247 238
247 6 238
6 248 201
248 6 201
6 249 565
249 6 565
6 250 44
250 6 44
6 251 384
251 6 384
6 252 249
252 6 249
6 253 267
253 6 267
6 254 217
254 6 217
6 256 182
256 6 182
6 259 355
259 6 355
6 261 283
261 6 283
6 264 468
264 6 468
6 265 293
265 6 293
6 266 359
266 6 359
6 267 295
267 6 295
6 268 557
268 6 557
6 270 495
270 6 495
6 272 379
272 6 379
6 275 347
275 6 347
6 276 469
276 6 469
6 282 261
282 6 261
6 285 324
285 6 324
6 289 199
289 6 199
6 290 339
290 6 339
6 292 126
292 6 126
6 293 538
293 6 538
6 296 467
296 6 467
6 297 356
297 6 356
6 300 298
300 6 298
6 301 401
301 6 401
6 302 342
302 6 342
6 303 245
303 6 245
6 304 411
304 6 411
6 308 427
308 6 427
6 312 571
312 6 571
6 314 319
314 6 319
6 315 182
315 6 182
6 317 144
317 6 144
6 318 308
318 6 308
6 319 254
319 6 254
6 320 292
320 6 292
6 326 255
326 6 255
6 327 187
327 6 187
6 328 568
328 6 568
6 332 389
332 6 389
6 334 227
334 6 227
6 335 181
335 6 181
6 337 189
337 6 189
6 341 186
341 6 186
6 343 77
343 6 77
6 344 452
344 6 452
6 345 408
345 6 408
6 348 420
348 6 420
6 350 149
350 6 149
6 352 254
352 6 254
6 353 219
353 6 219
6 354 544
354 6 544
6 355 253
355 6 253
6 359 318
359 6 318
6 365 196
365 6 196
6 366 460
366 6 460
6 367 310
367 6 310
6 368 483
368 6 483
6 369 362
369 6 362
6 371 118
371 6 118
6 374 164
374 6 164
6 375 529
375 6 529
6 376 13
376 6 13
6 378 315
378 6 315
6 379 285
379 6 285
6 380 578
380 6 578
6 381 494
381 6 494
6 385 67
385 6 67
6 394 333
394 6 333
6 395 385
395 6 385
6 398 412
398 6 412
6 405 104
405 6 104
6 406 230
406 6 230
6 411 263
411 6 263
6 412 422
412 6 422
6 417 352
417 6 352
6 418 495
418 6 495
6 420 267
420 6 267
6 421 207
421 6 207
6 424 317
424 6 317
6 426 400
426 6 400
6 427 102
427 6 102
6 428 381
428 6 381
6 429 85
429 6 85
6 431 441
431 6 441
6 433 315
433 6 315
6 436 385
436 6 385
6 437 311
437 6 311
6 440 430
440 6 430
6 443 31
443 6 31
6 445 118
445 6 118
6 446 357
446 6 357
6 447 128
447 6 128
6 448 559
448 6 559
6 449 29
449 6 29
6 450 349
450 6 349
6 452 173
452 6 173
6 454 121
454 6 121
6 455 454
455 6 454
6 460 479
460 6 479
6 462 278
462 6 278
6 463 63
463 6 63
6 464 42
464 6 42
6 465 259
465 6 259
6 469 318
469 6 318
6 471 212
471 6 212
6 473 445
473 6 445
6 474 213
474 6 213
6 475 449
475 6 449
6 481 331
481 6 331
6 483 453
483 6 453
6 484 470
484 6 470
6 485 229
485 6 229
6 487 442
487 6 442
6 490 248
490 6 248
6 492 563
492 6 563
6 493 24
493 6 24
6 494 364
494 6 364
6 497 184
497 6 184
6 499 380
499 6 380
7 8 71
8 7 71
7 9 540
9 7 540
7 10 308
10 7 308
7 11 567
11 7 567
7 12 161
12 7 161
7 13 167
13 7 167
7 17 433
17 7 433
7 21 393
21 7 393
7 22 291
22 7 291
7 25 351
25 7 351
7 29 62
29 7 62
7 30 143
30 7 143
7 35 229
35 7 229
7 37 424
37 7 424
7 38 535
38 7 535
7 40 404
40 7 404
7 41 332
41 7 332
7 42 150
42 7 150
7 43 315
43 7 315
7 44 259
44 7 259
7 46 204
46 7 204
7 50 248
50 7 248
7 52 399
52 7 399
7 53 425
53 7 425
7 54 403
54 7 403
7 56 123
56 7 123
7 58 411
58 7 411
7 61 139
61 7 139
7 62 149
62 7 149
7 65 383
65 7 383
7 66 194
66 7 194
7 68 183
68 7 183
7 69 347
69 7 347
7 71 294
71 7 294
7 72 362
72 7 362
7 74 245
74 7 245
7 77 221
77 7 221
7 79 335
79 7 335
7 80 188
80 7 188
7 86 464
86 7 464
7 88 422
88 7 422
7 89 283
89 7 283
7 91 316
91 7 316
7 94 514
94 7 514
7 98 325
98 7 325
7 100 175
100 7 175
7 103 393
103 7 393
7 105 330
105 7 330
7 106 333
106 7 333
7 107 460
107 7 460
7 108 448
108 7 448
7 109 432
109 7 432
7 113 341
113 7 341
7 115 358
115 7 358
7 116 451
116 7 451
7 117 531
117 7 531
7 118 551
118 7 551
7 120 60
120 7 60
7 121 320
121 7 320
7 122 39
122 7 39
7 123 422
123 7 422
7 126 312
126 7 312
7 128 496
128 7 496
7 130 450
130 7 450
7 131 450
131 7 450
7 132 26
132 7 26
7 134 97
134 7 97
7 135 405
135 7 405
7 138 341
138 7 341
7 140 456
140 7 456
7 141 57
141 7 57
7 142 536
142 7 536
7 145 39
145 7 39
7 147 187
147 7 187
7 150 402
150 7 402
7 155 400
155 7 400
7 158 130
158 7 130
7 161 179
161 7 179
7 162 360
162 7 360
7 167 173
167 7 173
7 170 365
170 7 365
7 171 112
171 7 112
7 172 245
172 7 245
7 173 377
173 7 377
7 174 467
174 7 467
7 179 317
179 7 317
7 183 585
183 7 585
7 185 515
185 7 515
7 188 337
188 7 337
7 189 468
189 7 468
7 193 436
193 7 436
7 194 144
194 7 144
7 195 326
195 7 326
7 196 219
196 7 219
7 197 379
197 7 379
7 199 342
199 7 342
7 203 299
203 7 299
7 204 292
204 7 292
7 205 394
205 7 394
7 207 285
207 7 285
7 209 203
209 7 203
7 211 124
211 7 124
7 212 347
212 7 347
7 213 194
213 7 194
7 216 466
216 7 466
7 218 446
218 7 446
7 219 198
219 7 198
7 221 271
221 7 271
7 222 250
222 7 250
7 224 538
224 7 538
7 225 386
225 7 386
7 228 39
228 7 39
7 233 181
233 7 181
7 235 221
235 7 221
7 236 449
236 7 449
7 239 272
239 7 272
7 240 408
240 7 408
7 241 450
241 7 450
7 244 385
244 7 385
7 245 380
245 7 380
7 246 566
246 7 566
7 247 161
247 7 161
7 248 217
248 7 217
7 249 388
249 7 388
7 251 53
251 7 53
7 253 280
253 7 280
7 255 268
255 7 268
