19 369
124552
0 4 441
4 0 441
0 8 353
8 0 353
0 10 223
10 0 223
0 14 297
14 0 297
0 17 387
17 0 387
0 18 391
18 0 391
0 19 296
19 0 296
0 20 463
20 0 463
0 26 420
26 0 420
0 28 176
28 0 176
0 29 275
29 0 275
0 32 270
32 0 270
0 33 146
33 0 146
0 35 370
35 0 370
0 36 113
36 0 113
0 37 406
37 0 406
0 40 478
40 0 478
0 41 397
41 0 397
0 43 315
43 0 315
0 45 326
45 0 326
0 48 126
48 0 126
0 53 485
53 0 485
0 54 130
54 0 130
0 58 441
58 0 441
0 62 439
62 0 439
0 64 147
64 0 147
0 68 410
68 0 410
0 69 48
69 0 48
0 70 313
70 0 313
0 71 328
71 0 328
0 73 387
73 0 387
0 74 114
74 0 114
0 75 471
75 0 471
0 76 285
76 0 285
0 78 142
78 0 142
0 82 349
82 0 349
0 83 222
83 0 222
0 84 386
84 0 386
0 85 259
85 0 259
0 86 319
86 0 319
0 88 347
88 0 347
0 89 404
89 0 404
0 92 314
92 0 314
0 94 499
94 0 499
0 96 116
96 0 116
0 97 215
97 0 215
0 101 231
101 0 231
0 103 244
103 0 244
0 104 370
104 0 370
0 105 215
105 0 215
0 107 97
107 0 97
0 109 346
109 0 346
0 111 346
111 0 346
0 115 315
115 0 315
0 119 450
119 0 450
0 120 351
120 0 351
0 121 536
121 0 536
0 122 557
122 0 557
0 123 154
123 0 154
0 124 208
124 0 208
0 126 68
126 0 68
0 127 353
127 0 353
0 129 247
129 0 247
0 134 149
134 0 149
0 137 259
137 0 259
0 138 377
138 0 377
0 139 271
139 0 271
0 142 160
142 0 160
0 143 147
143 0 147
0 144 147
144 0 147
0 145 403
145 0 403
0 147 369
147 0 369
0 150 442
150 0 442
0 152 312
152 0 312
0 155 405
155 0 405
0 156 247
156 0 247
0 158 171
158 0 171
0 159 170
159 0 170
0 160 47
160 0 47
0 162 198
162 0 198
0 164 458
164 0 458
0 165 365
165 0 365
0 167 31
167 0 31
0 168 55
168 0 55
0 169 228
169 0 228
0 170 461
170 0 461
0 171 346
171 0 346
0 172 393
172 0 393
0 173 202
173 0 202
0 177 502
177 0 502
0 178 268
178 0 268
0 180 178
180 0 178
0 181 243
181 0 243
0 182 304
182 0 304
0 185 184
185 0 184
0 186 280
186 0 280
0 188 185
188 0 185
0 189 330
189 0 330
0 192 283
192 0 283
0 194 242
194 0 242
0 195 157
195 0 157
0 196 460
196 0 460
0 198 362
198 0 362
0 200 267
200 0 267
0 201 261
201 0 261
0 208 168
208 0 168
0 209 156
209 0 156
0 212 253
212 0 253
0 213 535
213 0 535
0 217 152
217 0 152
0 221 291
221 0 291
0 222 175
222 0 175
0 223 290
223 0 290
0 224 85
224 0 85
0 225 64
225 0 64
0 226 224
226 0 224
0 228 413
228 0 413
0 230 375
230 0 375
0 231 337
231 0 337
0 232 241
232 0 241
0 233 373
233 0 373
0 236 245
236 0 245
0 237 183
237 0 183
0 238 419
238 0 419
0 240 361
240 0 361
0 245 376
245 0 376
0 248 357
248 0 357
0 249 396
249 0 396
0 250 279
250 0 279
0 251 204
251 0 204
0 253 196
253 0 196
0 259 187
259 0 187
0 260 378
260 0 378
0 261 228
261 0 228
0 262 332
262 0 332
0 263 76
263 0 76
0 264 443
264 0 443
0 265 317
265 0 317
0 266 451
266 0 451
0 269 428
269 0 428
0 271 204
271 0 204
0 275 122
275 0 122
0 277 114
277 0 114
0 279 93
279 0 93
0 283 326
283 0 326
0 284 364
284 0 364
0 285 236
285 0 236
0 288 37
288 0 37
0 289 29
289 0 29
0 290 343
290 0 343
0 291 62
291 0 62
0 292 177
292 0 177
0 294 226
294 0 226
0 295 68
295 0 68
0 298 109
298 0 109
0 299 258
299 0 258
0 300 261
300 0 261
0 304 289
304 0 289
0 305 288
305 0 288
0 306 212
306 0 212
0 307 308
307 0 308
0 308 515
308 0 515
0 310 473
310 0 473
0 311 408
311 0 408
0 312 270
312 0 270
0 313 273
313 0 273
0 314 405
314 0 405
0 316 101
316 0 101
0 317 478
317 0 478
0 318 167
318 0 167
0 319 392
319 0 392
0 320 417
320 0 417
0 323 284
323 0 284
0 324 455
324 0 455
0 326 531
326 0 531
0 329 256
329 0 256
0 334 529
334 0 529
0 336 380
336 0 380
0 337 316
337 0 316
0 341 221
341 0 221
0 344 143
344 0 143
0 345 444
345 0 444
0 346 310
346 0 310
0 352 178
352 0 178
0 353 458
353 0 458
0 360 321
360 0 321
0 361 325
361 0 325
0 362 241
362 0 241
0 364 393
364 0 393
0 365 340
365 0 340
0 366 107
366 0 107
0 368 123
368 0 123
0 370 437
370 0 437
0 371 335
371 0 335
0 372 455
372 0 455
0 374 292
374 0 292
0 375 415
375 0 415
0 377 194
377 0 194
0 378 145
378 0 145
0 379 373
379 0 373
0 381 332
381 0 332
0 382 389
382 0 389
0 388 360
388 0 360
0 390 466
390 0 466
0 391 338
391 0 338
0 395 120
395 0 120
0 397 319
397 0 319
0 398 209
398 0 209
0 401 329
401 0 329
0 402 427
402 0 427
0 405 222
405 0 222
0 407 177
407 0 177
0 408 302
408 0 302
0 410 98
410 0 98
0 416 232
416 0 232
0 417 465
417 0 465
0 418 335
418 0 335
0 419 199
419 0 199
0 420 135
420 0 135
0 421 153
421 0 153
0 422 540
422 0 540
0 423 329
423 0 329
0 424 189
424 0 189
0 425 150
425 0 150
0 427 295
427 0 295
0 431 208
431 0 208
0 433 416
433 0 416
0 436 147
436 0 147
0 438 482
438 0 482
0 440 269
440 0 269
0 443 276
443 0 276
0 444 166
444 0 166
0 445 285
445 0 285
0 447 356
447 0 356
0 448 340
448 0 340
0 449 504
449 0 504
0 452 450
452 0 450
0 453 159
453 0 159
0 454 162
454 0 162
0 457 246
457 0 246
0 458 239
458 0 239
0 461 315
461 0 315
0 462 310
462 0 310
0 464 330
464 0 330
0 465 579
465 0 579
0 467 215
467 0 215
0 468 319
468 0 319
0 471 375
471 0 375
0 472 368
472 0 368
0 473 351
473 0 351
0 477 512
477 0 512
0 478 477
478 0 477
0 479 287
479 0 287
0 480 342
480 0 342
0 482 379
482 0 379
0 484 141
484 0 141
0 490 382
490 0 382
0 491 377
491 0 377
0 495 88
495 0 88
0 497 156
497 0 156
0 499 47
499 0 47
1 4 152
4 1 152
1 7 478
7 1 478
1 9 189
9 1 189
1 12 301
12 1 301
1 14 278
14 1 278
1 15 390
15 1 390
1 17 466
17 1 466
1 18 217
18 1 217
1 19 417
19 1 417
1 20 126
20 1 126
1 22 401
22 1 401
1 24 504
24 1 504
1 25 365
25 1 365
1 28 472
28 1 472
1 32 420
32 1 420
1 33 436
33 1 436
1 34 453
34 1 453
1 39 402
39 1 402
1 41 465
41 1 465
1 42 250
42 1 250
1 44 366
44 1 366
1 46 102
46 1 102
1 47 436
47 1 436
1 48 533
48 1 533
1 50 457
50 1 457
1 51 180
51 1 180
1 52 214
52 1 214
1 57 342
57 1 342
1 58 435
58 1 435
1 59 294
59 1 294
1 61 352
61 1 352
1 62 147
62 1 147
1 63 453
63 1 453
1 66 168
66 1 168
1 70 439
70 1 439
1 75 161
75 1 161
1 77 203
77 1 203
1 78 447
78 1 447
1 80 587
80 1 587
1 81 469
81 1 469
1 82 483
82 1 483
1 85 474
85 1 474
1 86 339
86 1 339
1 88 233
88 1 233
1 91 571
91 1 571
1 94 86
94 1 86
1 96 524
96 1 524
1 100 386
100 1 386
1 102 478
102 1 478
1 103 476
103 1 476
1 107 557
107 1 557
1 109 299
109 1 299
1 112 431
112 1 431
1 116 195
116 1 195
1 118 315
118 1 315
1 121 42
121 1 42
1 125 286
125 1 286
1 134 436
134 1 436
1 135 396
135 1 396
1 136 288
136 1 288
1 137 462
137 1 462
1 143 520
143 1 520
1 144 508
144 1 508
1 147 457
147 1 457
1 148 344
148 1 344
1 149 427
149 1 427
1 152 464
152 1 464
1 155 201
155 1 201
1 156 329
156 1 329
1 157 507
157 1 507
1 159 404
159 1 404
1 162 376
162 1 376
1 163 57
163 1 57
1 164 237
164 1 237
1 166 645
166 1 645
1 177 73
177 1 73
1 178 434
178 1 434
1 182 275
182 1 275
1 183 496
183 1 496
1 184 371
184 1 371
1 186 320
186 1 320
1 189 283
189 1 283
1 190 626
190 1 626
1 192 291
192 1 291
1 193 373
193 1 373
1 194 333
194 1 333
1 196 114
196 1 114
1 197 444
197 1 444
1 199 195
199 1 195
1 200 325
200 1 325
1 201 315
201 1 315
1 202 611
202 1 611
1 203 449
203 1 449
1 204 267
204 1 267
1 206 515
206 1 515
1 207 228
207 1 228
1 210 238
210 1 238
1 212 356
212 1 356
1 213 56
213 1 56
1 214 399
214 1 399
1 216 492
216 1 492
1 217 480
217 1 480
1 220 559
220 1 559
1 221 436
221 1 436
1 222 439
222 1 439
1 224 623
224 1 623
1 225 550
225 1 550
1 226 388
226 1 388
1 227 259
227 1 259
1 228 223
228 1 223
1 230 311
230 1 311
1 231 390
231 1 390
1 235 428
235 1 428
1 236 351
236 1 351
1 237 462
237 1 462
1 240 338
240 1 338
1 244 320
244 1 320
1 245 211
245 1 211
1 247 30
247 1 30
1 251 387
251 1 387
1 253 401
253 1 401
1 258 411
258 1 411
1 259 514
259 1 514
1 264 314
264 1 314
1 266 127
266 1 127
1 267 521
267 1 521
1 269 155
269 1 155
1 270 49
270 1 49
1 271 400
271 1 400
1 273 269
273 1 269
1 274 461
274 1 461
1 276 575
276 1 575
1 278 332
278 1 332
1 279 584
279 1 584
1 285 411
285 1 411
1 289 591
289 1 591
1 293 239
293 1 239
1 294 348
294 1 348
1 296 104
296 1 104
1 299 322
299 1 322
1 301 331
301 1 331
1 302 552
302 1 552
1 304 384
304 1 384
1 307 336
307 1 336
1 308 81
308 1 81
1 310 153
310 1 153
1 311 314
311 1 314
1 312 327
312 1 327
1 314 257
314 1 257
1 315 60
315 1 60
1 318 418
318 1 418
1 319 205
319 1 205
1 324 121
324 1 121
1 326 82
326 1 82
1 337 338
337 1 338
1 339 282
339 1 282
1 340 289
340 1 289
1 344 460
344 1 460
1 347 241
347 1 241
1 348 424
348 1 424
1 353 192
353 1 192
1 355 368
355 1 368
1 360 371
360 1 371
1 361 332
361 1 332
1 364 426
364 1 426
1 366 605
366 1 605
1 367 508
367 1 508
1 369 234
369 1 234
1 372 292
372 1 292
1 374 337
374 1 337
1 377 481
377 1 481
1 378 462
378 1 462
1 381 354
381 1 354
1 384 558
384 1 558
1 385 535
385 1 535
1 389 468
389 1 468
1 390 114
390 1 114
1 391 240
391 1 240
1 394 429
394 1 429
1 395 512
395 1 512
1 397 470
397 1 470
1 399 182
399 1 182
1 400 608
400 1 608
1 404 396
404 1 396
1 411 379
411 1 379
1 412 354
412 1 354
1 413 357
413 1 357
1 414 219
414 1 219
1 416 343
416 1 343
1 417 186
417 1 186
1 418 252
418 1 252
1 419 441
419 1 441
1 422 47
422 1 47
1 424 447
424 1 447
1 426 410
426 1 410
1 427 458
427 1 458
1 428 430
428 1 430
1 433 158
433 1 158
1 434 387
434 1 387
1 435 266
435 1 266
1 436 556
436 1 556
1 437 520
437 1 520
1 441 466
441 1 466
1 444 558
444 1 558
1 445 300
445 1 300
1 446 222
446 1 222
1 447 473
447 1 473
1 450 235
450 1 235
1 452 128
452 1 128
1 453 518
453 1 518
1 454 489
454 1 489
1 457 358
457 1 358
1 458 348
458 1 348
1 459 297
459 1 297
1 460 174
460 1 174
1 461 314
461 1 314
1 463 511
463 1 511
1 465 26
465 1 26
1 466 431
466 1 431
1 467 452
467 1 452
1 468 310
468 1 310
1 470 242
470 1 242
1 473 302
473 1 302
1 476 543
476 1 543
1 478 128
478 1 128
1 481 282
481 1 282
1 482 406
482 1 406
1 483 563
483 1 563
1 487 482
487 1 482
1 489 95
489 1 95
1 490 353
490 1 353
1 494 492
494 1 492
1 496 184
496 1 184
1 498 429
498 1 429
1 499 560
499 1 560
2 7 171
7 2 171
2 9 395
9 2 395
2 10 351
10 2 351
2 12 343
12 2 343
2 13 446
13 2 446
2 21 128
21 2 128
2 23 280
23 2 280
2 24 104
24 2 104
2 27 423
27 2 423
2 28 35
28 2 35
2 29 211
29 2 211
2 30 201
30 2 201
2 35 345
35 2 345
2 38 170
38 2 170
2 39 480
39 2 480
2 40 342
40 2 342
2 41 494
41 2 494
2 42 439
42 2 439
2 46 445
46 2 445
2 47 66
47 2 66
2 49 289
49 2 289
2 52 258
52 2 258
2 53 378
53 2 378
2 56 148
56 2 148
2 60 303
60 2 303
2 61 219
61 2 219
2 67 379
67 2 379
2 74 249
74 2 249
2 75 331
75 2 331
2 77 271
77 2 271
2 78 107
78 2 107
2 81 165
81 2 165
2 84 301
84 2 301
2 86 356
86 2 356
2 88 245
88 2 245
2 90 407
90 2 407
2 91 203
91 2 203
2 92 400
92 2 400
2 93 285
93 2 285
2 94 386
94 2 386
2 95 316
95 2 316
2 98 333
98 2 333
2 99 254
99 2 254
2 101 190
101 2 190
2 106 292
106 2 292
2 107 126
107 2 126
2 108 178
108 2 178
2 110 198
110 2 198
2 111 337
111 2 337
2 113 267
113 2 267
2 114 455
114 2 455
2 115 109
115 2 109
2 116 367
116 2 367
2 118 288
118 2 288
2 123 230
123 2 230
2 125 209
125 2 209
2 127 146
127 2 146
2 128 230
128 2 230
2 130 396
130 2 396
2 136 396
136 2 396
2 138 411
138 2 411
2 139 395
139 2 395
2 141 486
141 2 486
2 142 143
142 2 143
2 144 290
144 2 290
2 146 90
146 2 90
2 147 160
147 2 160
2 148 181
148 2 181
2 150 279
150 2 279
2 152 418
152 2 418
2 155 274
155 2 274
2 156 179
156 2 179
2 157 234
157 2 234
2 158 303
158 2 303
2 163 415
163 2 415
2 164 450
164 2 450
2 165 252
165 2 252
2 168 264
168 2 264
2 170 423
170 2 423
2 171 241
171 2 241
2 174 99
174 2 99
2 175 231
175 2 231
2 177 412
177 2 412
2 178 62
178 2 62
2 179 253
179 2 253
2 182 266
182 2 266
2 183 410
183 2 410
2 185 335
185 2 335
2 187 231
187 2 231
2 188 45
188 2 45
2 189 326
189 2 326
2 190 241
190 2 241
2 191 106
191 2 106
2 192 213
192 2 213
2 193 344
193 2 344
2 194 217
194 2 217
2 196 373
196 2 373
2 199 281
199 2 281
2 200 268
200 2 268
2 208 138
208 2 138
2 210 241
210 2 241
2 211 331
211 2 331
2 214 175
214 2 175
2 216 402
216 2 402
2 217 273
217 2 273
2 218 166
218 2 166
2 219 42
219 2 42
2 220 218
220 2 218
2 221 83
221 2 83
2 223 83
223 2 83
2 227 225
227 2 225
2 232 184
232 2 184
2 234 132
234 2 132
2 235 367
235 2 367
2 237 34
237 2 34
2 239 478
239 2 478
2 240 174
240 2 174
2 241 376
241 2 376
2 244 206
244 2 206
2 246 81
246 2 81
2 247 461
247 2 461
2 249 258
249 2 258
2 251 239
251 2 239
2 254 117
254 2 117
2 256 448
256 2 448
2 257 261
257 2 261
2 259 331
259 2 331
2 260 317
260 2 317
2 261 258
261 2 258
2 262 404
262 2 404
2 263 245
263 2 245
2 264 470
264 2 470
2 266 374
266 2 374
2 268 170
268 2 170
2 269 362
269 2 362
2 275 242
275 2 242
2 276 320
276 2 320
2 279 288
279 2 288
2 284 359
284 2 359
2 286 270
286 2 270
2 287 411
287 2 411
2 289 238
289 2 238
2 291 158
291 2 158
2 292 117
292 2 117
2 294 179
294 2 179
2 296 369
296 2 369
2 297 369
297 2 369
2 301 147
301 2 147
2 302 319
302 2 319
2 304 352
304 2 352
2 306 251
306 2 251
2 307 142
307 2 142
2 309 321
309 2 321
2 310 336
310 2 336
2 311 437
311 2 437
2 312 277
312 2 277
2 319 267
319 2 267
2 320 422
320 2 422
2 321 180
321 2 180
2 323 271
323 2 271
2 326 458
326 2 458
2 328 285
328 2 285
2 330 360
330 2 360
2 333 83
333 2 83
2 335 122
335 2 122
2 337 144
337 2 144
2 339 278
339 2 278
2 340 351
340 2 351
2 342 448
342 2 448
2 344 241
344 2 241
2 346 398
346 2 398
2 349 277
349 2 277
2 350 337
350 2 337
2 351 243
351 2 243
2 352 38
352 2 38
2 353 429
353 2 429
2 354 300
354 2 300
2 356 347
356 2 347
2 357 353
357 2 353
2 359 434
359 2 434
2 362 304
362 2 304
2 365 273
365 2 273
2 368 86
368 2 86
2 369 442
369 2 442
2 370 318
370 2 318
2 371 160
371 2 160
2 372 472
372 2 472
2 374 136
374 2 136
2 377 317
377 2 317
2 378 81
378 2 81
2 379 166
379 2 166
2 382 180
382 2 180
2 383 309
383 2 309
2 384 174
384 2 174
2 390 358
390 2 358
2 391 242
391 2 242
2 394 88
394 2 88
2 395 89
395 2 89
2 396 234
396 2 234
2 397 111
397 2 111
2 399 364
399 2 364
2 400 298
400 2 298
2 403 304
403 2 304
2 405 23
405 2 23
2 406 162
406 2 162
2 407 224
407 2 224
2 410 125
410 2 125
2 413 244
413 2 244
2 417 433
417 2 433
2 418 301
418 2 301
2 419 292
419 2 292
2 423 339
423 2 339
2 425 245
425 2 245
2 426 133
426 2 133
2 427 86
427 2 86
2 428 396
428 2 396
2 429 314
429 2 314
2 430 333
430 2 333
2 435 287
435 2 287
2 436 320
436 2 320
2 437 84
437 2 84
2 439 168
439 2 168
2 441 270
441 2 270
2 442 299
442 2 299
2 447 462
447 2 462
2 448 133
448 2 133
2 450 259
450 2 259
2 452 373
452 2 373
2 453 308
453 2 308
2 456 322
456 2 322
2 457 274
457 2 274
2 458 143
458 2 143
2 459 179
459 2 179
2 460 298
460 2 298
2 461 160
461 2 160
2 462 280
462 2 280
2 464 155
464 2 155
2 466 160
466 2 160
2 467 20
467 2 20
2 468 334
468 2 334
2 469 474
469 2 474
2 473 184
473 2 184
2 475 287
475 2 287
2 476 138
476 2 138
2 478 351
478 2 351
2 479 181
479 2 181
2 481 193
481 2 193
2 482 453
482 2 453
2 483 304
483 2 304
2 484 75
484 2 75
2 486 181
486 2 181
2 487 423
487 2 423
2 490 430
490 2 430
2 491 386
491 2 386
2 493 424
493 2 424
2 494 357
494 2 357
2 495 123
495 2 123
2 496 305
496 2 305
2 497 88
497 2 88
2 498 82
498 2 82
3 6 201
6 3 201
3 7 317
7 3 317
3 10 248
10 3 248
3 11 373
11 3 373
3 12 318
12 3 318
3 14 257
14 3 257
3 16 133
16 3 133
3 18 368
18 3 368
3 19 234
19 3 234
3 20 419
20 3 419
3 22 179
22 3 179
3 26 390
26 3 390
3 28 114
28 3 114
3 29 237
29 3 237
3 32 280
32 3 280
3 34 379
34 3 379
3 36 150
36 3 150
3 37 382
37 3 382
3 40 430
40 3 430
3 42 427
42 3 427
3 43 320
43 3 320
3 45 272
45 3 272
3 46 481
46 3 481
3 50 311
50 3 311
3 51 398
51 3 398
3 60 364
60 3 364
3 61 200
61 3 200
3 62 395
62 3 395
3 63 395
63 3 395
3 64 99
64 3 99
3 69 110
69 3 110
3 71 319
71 3 319
3 73 398
73 3 398
3 75 422
75 3 422
3 78 90
78 3 90
3 79 188
79 3 188
3 83 162
83 3 162
3 84 348
84 3 348
3 85 198
85 3 198
3 86 314
86 3 314
3 87 258
87 3 258
3 88 304
88 3 304
3 89 398
89 3 398
3 90 478
90 3 478
3 91 56
91 3 56
3 92 326
92 3 326
3 93 138
93 3 138
3 94 456
94 3 456
3 96 56
96 3 56
3 97 219
97 3 219
3 98 201
98 3 201
3 100 257
100 3 257
3 102 211
102 3 211
3 105 153
105 3 153
3 106 317
106 3 317
3 110 246
110 3 246
3 115 253
115 3 253
3 117 186
117 3 186
3 120 353
120 3 353
3 122 515
122 3 515
3 123 150
123 3 150
3 126 109
126 3 109
3 127 292
127 3 292
3 128 326
128 3 326
3 129 263
129 3 263
3 130 304
130 3 304
3 132 393
132 3 393
3 133 373
133 3 373
3 134 140
134 3 140
3 137 278
137 3 278
3 138 373
138 3 373
3 139 296
139 3 296
3 143 178
143 3 178
3 144 174
144 3 174
3 145 400
145 3 400
3 146 229
146 3 229
3 147 307
147 3 307
3 148 193
148 3 193
3 149 147
149 3 147
3 150 387
150 3 387
3 151 356
151 3 356
3 152 331
152 3 331
3 155 357
155 3 357
3 156 206
156 3 206
3 159 133
159 3 133
3 162 169
162 3 169
3 163 478
163 3 478
3 164 443
164 3 443
3 166 168
166 3 168
3 167 62
167 3 62
3 169 228
169 3 228
3 170 438
170 3 438
3 172 374
172 3 374
3 173 210
173 3 210
3 174 245
174 3 245
3 175 139
175 3 139
3 176 436
176 3 436
3 177 466
177 3 466
3 180 127
180 3 127
3 181 235
181 3 235
3 183 310
183 3 310
3 184 327
184 3 327
3 185 217
185 3 217
3 189 313
189 3 313
3 190 101
190 3 101
3 195 183
195 3 183
3 196 423
196 3 423
3 198 363
198 3 363
3 200 247
200 3 247
3 201 219
201 3 219
3 203 95
203 3 95
3 204 267
204 3 267
3 206 28
206 3 28
3 207 316
207 3 316
3 208 126
208 3 126
3 209 188
209 3 188
3 212 199
212 3 199
3 213 501
213 3 501
3 215 305
215 3 305
3 220 73
220 3 73
3 222 179
222 3 179
3 223 228
223 3 228
3 224 147
224 3 147
3 227 326
227 3 326
3 229 207
229 3 207
3 231 343
231 3 343
3 232 203
232 3 203
3 235 289
235 3 289
3 236 194
236 3 194
3 238 436
238 3 436
3 240 302
240 3 302
3 243 411
243 3 411
3 244 332
244 3 332
3 245 348
245 3 348
3 246 225
246 3 225
3 247 517
247 3 517
3 248 297
248 3 297
3 250 262
250 3 262
3 254 196
254 3 196
3 255 405
255 3 405
3 256 403
256 3 403
3 259 217
259 3 217
3 260 346
260 3 346
3 262 339
262 3 339
3 264 439
264 3 439
3 268 298
268 3 298
3 269 396
269 3 396
3 271 197
271 3 197
3 273 420
273 3 420
3 281 337
281 3 337
3 283 264
283 3 264
3 284 348
284 3 348
3 291 36
291 3 36
3 293 302
293 3 302
3 296 433
296 3 433
3 297 369
297 3 369
3 300 201
300 3 201
3 301 256
301 3 256
3 302 190
302 3 190
3 305 248
305 3 248
3 306 201
306 3 201
3 308 483
308 3 483
3 312 253
312 3 253
3 313 260
313 3 260
3 314 350
314 3 350
3 316 161
316 3 161
3 318 155
318 3 155
3 322 218
322 3 218
3 325 312
325 3 312
3 328 319
328 3 319
3 329 199
329 3 199
3 331 395
331 3 395
3 333 211
333 3 211
3 334 489
334 3 489
3 335 269
335 3 269
3 338 109
338 3 109
3 340 331
340 3 331
3 342 394
342 3 394
3 343 202
343 3 202
3 344 147
344 3 147
3 348 308
348 3 308
3 349 130
349 3 130
3 350 420
350 3 420
3 351 222
351 3 222
3 352 117
352 3 117
3 353 437
353 3 437
3 354 376
354 3 376
3 356 261
356 3 261
3 357 399
357 3 399
3 360 323
360 3 323
3 363 109
363 3 109
3 366 164
366 3 164
3 367 70
367 3 70
3 368 63
368 3 63
3 369 436
369 3 436
3 370 392
370 3 392
3 371 278
371 3 278
3 378 86
378 3 86
3 379 311
379 3 311
3 380 340
380 3 340
3 381 272
381 3 272
3 382 327
382 3 327
3 383 259
383 3 259
3 385 22
385 3 22
3 387 282
387 3 282
3 388 362
388 3 362
3 389 200
389 3 200
3 394 233
394 3 233
3 396 189
396 3 189
3 397 257
397 3 257
3 399 385
399 3 385
3 402 439
402 3 439
3 404 243
404 3 243
3 405 160
405 3 160
3 408 241
408 3 241
3 409 414
409 3 414
3 412 194
412 3 194
3 415 290
415 3 290
3 416 203
416 3 203
3 417 443
417 3 443
3 418 309
418 3 309
3 419 207
419 3 207
3 421 111
421 3 111
3 422 505
422 3 505
3 424 198
424 3 198
3 426 277
426 3 277
3 427 233
427 3 233
3 428 319
428 3 319
3 430 283
430 3 283
3 433 376
433 3 376
3 436 189
436 3 189
3 437 67
437 3 67
3 439 205
439 3 205
3 440 207
440 3 207
3 441 173
441 3 173
3 442 158
442 3 158
3 443 220
443 3 220
3 445 239
445 3 239
3 448 278
448 3 278
3 452 416
452 3 416
3 453 190
453 3 190
3 454 183
454 3 183
3 456 230
456 3 230
3 457 234
457 3 234
3 462 283
462 3 283
3 466 110
466 3 110
3 467 153
467 3 153
3 468 307
468 3 307
3 471 329
471 3 329
3 472 306
472 3 306
3 473 295
473 3 295
3 474 193
474 3 193
3 476 18
476 3 18
3 477 474
477 3 474
3 480 325
480 3 325
3 482 388
482 3 388
3 483 169
483 3 169
3 484 82
484 3 82
3 485 314
485 3 314
3 486 177
486 3 177
3 487 330
487 3 330
3 489 457
489 3 457
3 490 383
490 3 383
3 493 423
493 3 423
3 495 28
495 3 28
3 498 226
498 3 226
3 499 25
499 3 25
4 5 298
5 4 298
4 6 233
6 4 233
4 8 339
8 4 339
4 9 47
9 4 47
4 10 338
10 4 338
4 11 127
11 4 127
4 12 149
12 4 149
4 14 163
14 4 163
4 16 279
16 4 279
4 17 431
17 4 431
4 22 313
22 4 313
4 27 194
27 4 194
4 31 282
31 4 282
4 32 268
32 4 268
4 38 279
38 4 279
4 40 167
40 4 167
4 42 122
42 4 122
4 43 238
43 4 238
4 44 242
44 4 242
4 45 230
45 4 230
4 48 423
48 4 423
4 49 140
49 4 140
4 51 30
51 4 30
4 54 327
54 4 327
4 55 218
55 4 218
4 57 191
57 4 191
4 60 104
60 4 104
4 61 215
61 4 215
4 62 116
62 4 116
4 63 310
63 4 310
4 65 297
65 4 297
4 67 274
67 4 274
4 70 289
70 4 289
4 71 165
71 4 165
4 73 274
73 4 274
4 77 130
77 4 130
4 80 452
80 4 452
4 81 429
81 4 429
4 83 335
83 4 335
4 84 85
84 4 85
4 85 398
85 4 398
4 89 165
89 4 165
4 91 439
91 4 439
4 92 274
92 4 274
4 93 483
93 4 483
4 96 411
96 4 411
4 98 416
98 4 416
4 100 328
100 4 328
4 102 405
102 4 405
4 107 441
107 4 441
4 108 274
108 4 274
4 109 148
109 4 148
4 111 117
111 4 117
4 114 239
114 4 239
4 115 358
115 4 358
4 116 43
116 4 43
4 118 167
118 4 167
4 122 159
122 4 159
4 123 296
123 4 296
4 125 248
125 4 248
4 126 407
126 4 407
4 128 204
128 4 204
4 129 301
129 4 301
4 130 320
130 4 320
4 135 289
135 4 289
4 136 143
136 4 143
4 138 181
138 4 181
4 141 329
141 4 329
4 142 291
142 4 291
4 144 360
144 4 360
4 148 219
148 4 219
4 149 286
149 4 286
4 152 314
152 4 314
4 154 300
154 4 300
4 155 161
155 4 161
4 156 210
156 4 210
4 157 365
157 4 365
4 159 277
159 4 277
4 161 375
161 4 375
4 162 243
162 4 243
4 164 117
164 4 117
4 165 145
165 4 145
4 167 463
167 4 463
4 168 480
168 4 480
4 169 251
169 4 251
4 170 54
170 4 54
4 171 147
171 4 147
4 172 89
172 4 89
4 173 288
173 4 288
4 174 408
174 4 408
4 175 316
175 4 316
4 176 61
176 4 61
4 182 137
182 4 137
4 183 345
183 4 345
4 185 375
185 4 375
4 186 172
186 4 172
4 187 150
187 4 150
4 188 347
188 4 347
4 189 131
189 4 131
4 190 493
190 4 493
4 193 221
193 4 221
4 195 353
195 4 353
4 197 365
197 4 365
4 198 213
198 4 213
4 199 117
199 4 117
4 202 466
202 4 466
4 208 286
208 4 286
4 209 372
209 4 372
4 210 197
210 4 197
4 212 263
212 4 263
4 214 268
214 4 268
4 215 156
215 4 156
4 216 341
216 4 341
4 217 332
217 4 332
4 218 251
218 4 251
4 219 419
219 4 419
4 223 363
223 4 363
4 226 239
226 4 239
4 229 296
229 4 296
4 233 191
233 4 191
4 234 343
234 4 343
4 235 276
235 4 276
4 238 328
238 4 328
4 239 194
239 4 194
4 241 315
241 4 315
4 242 19
242 4 19
4 244 292
244 4 292
4 245 64
245 4 64
4 247 124
247 4 124
4 248 315
248 4 315
4 249 178
249 4 178
4 250 174
250 4 174
4 253 256
253 4 256
4 257 476
257 4 476
4 258 269
258 4 269
4 260 65
260 4 65
4 261 224
261 4 224
4 262 248
262 4 248
4 263 396
263 4 396
4 265 308
265 4 308
4 270 138
270 4 138
4 276 427
276 4 427
4 278 187
278 4 187
4 279 439
279 4 439
4 280 241
280 4 241
4 284 114
284 4 114
4 291 446
291 4 446
4 293 109
293 4 109
4 295 409
295 4 409
4 297 83
297 4 83
4 299 211
299 4 211
4 300 311
300 4 311
4 301 264
301 4 264
4 302 404
302 4 404
4 303 154
303 4 154
4 304 232
304 4 232
4 305 171
305 4 171
4 307 267
307 4 267
4 308 77
308 4 77
4 309 72
309 4 72
4 313 188
313 4 188
4 315 92
315 4 92
4 316 527
316 4 527
4 318 277
318 4 277
4 319 152
319 4 152
4 320 130
320 4 130
4 321 420
321 4 420
4 322 338
322 4 338
4 324 88
324 4 88
4 325 99
325 4 99
4 327 200
327 4 200
4 331 70
331 4 70
4 333 321
333 4 321
4 334 130
334 4 130
4 335 389
335 4 389
4 336 319
336 4 319
4 338 361
338 4 361
4 340 137
340 4 137
4 344 316
344 4 316
4 345 252
345 4 252
4 346 277
346 4 277
4 347 116
347 4 116
4 349 465
349 4 465
4 350 153
350 4 153
4 351 197
351 4 197
4 353 71
353 4 71
4 356 294
356 4 294
4 357 50
357 4 50
4 361 272
361 4 272
4 362 243
362 4 243
4 370 128
370 4 128
4 372 170
372 4 170
4 375 98
375 4 98
4 381 300
381 4 300
4 384 430
384 4 430
4 390 102
390 4 102
4 392 305
392 4 305
4 393 220
393 4 220
4 399 31
399 4 31
4 400 464
400 4 464
4 402 296
402 4 296
4 403 466
403 4 466
4 405 362
405 4 362
4 408 412
408 4 412
4 409 284
409 4 284
4 410 442
410 4 442
4 412 256
412 4 256
4 413 214
413 4 214
4 417 70
417 4 70
4 420 347
420 4 347
4 422 107
422 4 107
4 424 298
424 4 298
4 426 361
426 4 361
4 431 233
431 4 233
4 432 423
432 4 423
4 433 85
433 4 85
4 438 145
438 4 145
4 439 218
439 4 218
4 440 392
440 4 392
4 441 319
441 4 319
4 442 437
442 4 437
4 444 408
444 4 408
4 445 200
445 4 200
4 448 365
448 4 365
4 449 62
449 4 62
4 450 214
450 4 214
4 451 494
451 4 494
4 454 340
454 4 340
4 455 69
455 4 69
4 456 306
456 4 306
4 458 240
458 4 240
4 459 205
459 4 205
4 460 122
460 4 122
4 461 244
461 4 244
4 462 131
462 4 131
4 464 275
464 4 275
4 466 301
466 4 301
4 468 158
468 4 158
4 469 329
469 4 329
4 470 103
470 4 103
4 471 150
471 4 150
4 473 252
473 4 252
4 474 230
474 4 230
4 480 125
480 4 125
4 482 264
482 4 264
4 488 387
488 4 387
4 489 136
489 4 136
4 494 340
494 4 340
4 496 182
496 4 182
5 6 323
6 5 323
5 11 173
11 5 173
5 15 177
15 5 177
5 17 149
17 5 149
5 18 318
18 5 318
5 19 133
19 5 133
5 20 202
20 5 202
5 21 99
21 5 99
5 22 170
22 5 170
5 23 105
23 5 105
5 27 437
27 5 437
5 28 242
28 5 242
5 29 221
29 5 221
5 30 369
30 5 369
5 31 36
31 5 36
5 32 431
32 5 431
5 37 319
37 5 319
5 39 510
39 5 510
5 40 171
40 5 171
5 42 405
42 5 405
5 47 159
47 5 159
5 48 310
48 5 310
5 52 144
52 5 144
5 53 235
53 5 235
5 54 375
54 5 375
5 55 477
55 5 477
5 56 87
56 5 87
5 58 553
58 5 553
5 59 113
59 5 113
5 60 194
60 5 194
5 62 191
62 5 191
5 63 530
63 5 530
5 65 383
65 5 383
5 66 308
66 5 308
5 69 455
69 5 455
5 71 371
71 5 371
5 72 222
72 5 222
5 73 506
73 5 506
5 77 171
77 5 171
5 78 269
78 5 269
5 79 427
79 5 427
5 80 427
80 5 427
5 82 536
82 5 536
5 83 189
83 5 189
5 85 195
85 5 195
5 87 278
87 5 278
5 88 176
88 5 176
5 92 466
92 5 466
5 96 309
96 5 309
5 99 94
99 5 94
5 100 100
100 5 100
5 101 244
101 5 244
5 104 155
104 5 155
5 105 205
105 5 205
5 107 344
107 5 344
5 108 56
108 5 56
5 112 128
112 5 128
5 114 482
114 5 482
5 116 311
116 5 311
5 117 180
117 5 180
5 118 317
118 5 317
5 119 583
119 5 583
5 120 444
120 5 444
5 122 277
122 5 277
5 123 352
123 5 352
5 124 363
124 5 363
5 127 168
127 5 168
5 129 446
129 5 446
5 130 487
130 5 487
5 131 449
131 5 449
5 132 155
132 5 155
5 133 374
133 5 374
5 134 339
134 5 339
5 136 392
136 5 392
5 138 422
138 5 422
5 141 548
141 5 548
5 147 141
147 5 141
5 151 361
151 5 361
5 153 142
153 5 142
5 154 522
154 5 522
5 157 393
157 5 393
5 158 434
158 5 434
5 160 415
160 5 415
5 162 277
162 5 277
5 164 407
164 5 407
5 167 411
167 5 411
5 168 464
168 5 464
5 170 353
170 5 353
5 171 170
171 5 170
5 173 396
173 5 396
5 175 365
175 5 365
5 177 283
177 5 283
5 179 56
179 5 56
5 181 349
181 5 349
5 182 263
182 5 263
5 186 317
186 5 317
5 188 226
188 5 226
5 189 329
189 5 329
5 190 451
190 5 451
5 193 397
193 5 397
5 195 432
195 5 432
5 197 176
197 5 176
5 200 305
200 5 305
5 202 492
202 5 492
5 203 257
203 5 257
5 204 199
204 5 199
5 206 322
206 5 322
5 207 152
207 5 152
5 209 451
209 5 451
5 210 102
210 5 102
5 211 428
211 5 428
5 214 283
214 5 283
5 215 350
215 5 350
5 216 500
216 5 500
5 217 406
217 5 406
5 218 255
218 5 255
5 219 261
219 5 261
5 220 408
220 5 408
5 223 145
223 5 145
5 225 356
225 5 356
5 227 82
227 5 82
5 230 408
230 5 408
5 232 228
232 5 228
5 233 110
233 5 110
5 236 179
236 5 179
5 237 232
237 5 232
5 238 563
238 5 563
5 240 47
240 5 47
5 241 470
241 5 470
5 242 290
242 5 290
5 249 120
249 5 120
5 250 321
250 5 321
5 253 340
253 5 340
5 258 333
258 5 333
5 262 454
262 5 454
5 263 417
263 5 417
5 264 461
264 5 461
5 265 496
265 5 496
5 266 271
266 5 271
5 267 364
267 5 364
5 268 51
268 5 51
5 272 195
272 5 195
5 275 387
275 5 387
5 276 484
276 5 484
5 277 440
277 5 440
5 279 467
279 5 467
5 280 502
280 5 502
5 283 122
283 5 122
5 285 174
285 5 174
5 286 316
286 5 316
5 287 266
287 5 266
5 288 443
288 5 443
5 289 436
289 5 436
5 293 241
293 5 241
5 296 231
296 5 231
5 298 307
298 5 307
5 300 148
300 5 148
5 301 100
301 5 100
5 302 474
302 5 474
5 305 206
305 5 206
5 306 332
306 5 332
5 309 226
309 5 226
5 312 316
312 5 316
5 316 510
316 5 510
5 317 248
317 5 248
5 318 329
318 5 329
5 319 146
319 5 146
5 321 379
321 5 379
5 323 292
323 5 292
5 324 226
324 5 226
5 325 255
325 5 255
5 326 339
326 5 339
5 327 316
327 5 316
5 328 232
328 5 232
5 330 325
330 5 325
5 331 232
331 5 232
5 333 140
333 5 140
5 334 266
334 5 266
5 339 281
339 5 281
5 340 355
340 5 355
5 341 272
341 5 272
5 343 154
343 5 154
5 346 466
346 5 466
5 349 468
349 5 468
5 350 175
350 5 175
5 351 293
351 5 293
5 353 367
353 5 367
5 355 193
355 5 193
5 357 251
357 5 251
5 358 369
358 5 369
5 362 379
362 5 379
5 364 518
364 5 518
5 366 490
366 5 490
5 367 290
367 5 290
5 376 238
376 5 238
5 378 264
378 5 264
5 379 101
379 5 101
5 381 77
381 5 77
5 382 138
382 5 138
5 384 378
384 5 378
5 387 206
387 5 206
5 392 518
392 5 518
5 393 78
393 5 78
5 396 318
396 5 318
5 397 167
397 5 167
5 399 299
399 5 299
5 401 86
401 5 86
5 402 542
402 5 542
5 403 489
403 5 489
5 405 200
405 5 200
5 406 157
406 5 157
5 408 177
408 5 177
5 409 521
409 5 521
5 411 112
411 5 112
5 412 174
412 5 174
5 413 308
413 5 308
5 414 391
414 5 391
5 415 200
415 5 200
5 416 269
416 5 269
5 417 368
417 5 368
5 418 282
418 5 282
5 425 372
425 5 372
5 426 105
426 5 105
5 428 465
428 5 465
5 429 145
429 5 145
5 432 431
432 5 431
5 437 300
437 5 300
5 438 195
438 5 195
5 439 204
439 5 204
5 440 183
440 5 183
5 441 396
441 5 396
5 443 135
443 5 135
5 444 488
444 5 488
5 446 134
446 5 134
5 448 108
448 5 108
5 451 456
451 5 456
5 452 271
452 5 271
5 453 449
453 5 449
5 454 423
454 5 423
5 456 428
456 5 428
5 457 334
457 5 334
5 458 194
458 5 194
5 459 154
459 5 154
5 460 177
460 5 177
5 462 278
462 5 278
5 465 304
465 5 304
5 466 296
466 5 296
5 467 205
467 5 205
5 469 541
469 5 541
5 471 151
471 5 151
5 472 119
472 5 119
5 474 305
474 5 305
5 475 188
475 5 188
5 479 171
479 5 171
5 480 337
480 5 337
5 484 295
484 5 295
5 488 285
488 5 285
5 489 223
489 5 223
5 490 451
490 5 451
5 491 379
491 5 379
5 492 183
492 5 183
5 494 470
494 5 470
5 499 373
499 5 373
6 7 384
7 6 384
6 9 217
9 6 217
6 14 131
14 6 131
6 16 77
16 6 77
6 17 385
17 6 385
6 18 177
18 6 177
6 20 285
20 6 285
6 27 184
27 6 184
6 29 108
29 6 108
6 30 136
30 6 136
6 32 114
32 6 114
6 35 156
35 6 156
6 39 235
39 6 235
6 41 249
41 6 249
6 42 227
42 6 227
6 44 88
44 6 88
6 45 217
45 6 217
6 46 302
46 6 302
6 47 272
47 6 272
6 48 239
48 6 239
6 49 93
49 6 93
6 50 369
50 6 369
6 52 227
52 6 227
6 53 298
53 6 298
6 55 228
55 6 228
6 57 76
57 6 76
6 58 274
58 6 274
6 59 210
59 6 210
6 61 40
61 6 40
6 62 263
62 6 263
6 65 70
65 6 70
6 67 137
67 6 137
6 68 204
68 6 204
6 70 166
70 6 166
6 74 123
74 6 123
6 76 103
76 6 103
6 77 212
77 6 212
6 78 147
78 6 147
6 79 118
79 6 118
6 80 224
80 6 224
6 81 376
81 6 376
6 83 215
83 6 215
6 84 198
84 6 198
6 85 289
85 6 289
6 86 115
86 6 115
6 89 197
89 6 197
6 90 334
90 6 334
6 94 314
94 6 314
6 96 224
96 6 224
6 97 66
97 6 66
6 103 142
103 6 142
6 106 149
106 6 149
6 108 270
108 6 270
6 109 133
109 6 133
6 111 130
111 6 130
6 117 256
117 6 256
6 120 163
120 6 163
6 123 63
123 6 63
6 125 272
125 6 272
6 128 249
128 6 249
6 133 172
133 6 172
6 134 65
134 6 65
6 135 152
135 6 152
6 136 171
136 6 171
6 137 140
137 6 140
6 138 173
138 6 173
6 139 172
139 6 172
6 140 31
140 6 31
6 142 104
142 6 104
6 146 269
146 6 269
6 147 365
147 6 365
6 148 87
148 6 87
6 149 57
149 6 57
6 150 314
150 6 314
6 152 181
152 6 181
6 153 361
153 6 361
6 155 251
155 6 251
6 156 106
156 6 106
6 157 133
157 6 133
6 158 123
158 6 123
6 159 90
159 6 90
6 164 243
164 6 243
6 165 205
165 6 205
6 166 269
166 6 269
6 171 184
171 6 184
6 172 177
172 6 177
6 174 323
174 6 323
6 175 83
175 6 83
6 176 274
176 6 274
6 177 304
177 6 304
6 178 266
178 6 266
6 181 38
181 6 38
6 182 102
182 6 102
6 185 160
185 6 160
6 186 64
186 6 64
6 187 150
187 6 150
6 189 114
189 6 114
6 194 61
194 6 61
6 195 128
195 6 128
6 201 117
201 6 117
6 202 234
202 6 234
6 205 104
205 6 104
6 206 196
206 6 196
6 208 107
208 6 107
6 210 253
210 6 253
6 212 175
212 6 175
6 215 104
215 6 104
6 216 177
216 6 177
6 217 103
217 6 103
6 218 82
218 6 82
6 223 282
223 6 282
6 224 248
224 6 248
6 225 219
225 6 219
6 226 31
226 6 31
6 229 215
229 6 215
6 230 168
230 6 168
6 233 238
233 6 238
6 236 154
236 6 154
6 237 213
237 6 213
6 240 288
240 6 288
6 241 147
241 6 147
6 242 213
242 6 213
6 243 212
243 6 212
6 246 315
246 6 315
6 248 296
248 6 296
6 250 63
250 6 63
6 251 11
251 6 11
6 254 173
254 6 173
6 255 274
255 6 274
6 257 245
257 6 245
6 258 37
258 6 37
6 259 149
259 6 149
6 260 177
260 6 177
6 262 158
262 6 158
6 268 288
268 6 288
6 269 223
269 6 223
6 271 26
271 6 26
6 272 273
272 6 273
6 274 91
274 6 91
6 276 198
276 6 198
6 281 150
281 6 150
6 282 152
282 6 152
6 283 310
283 6 310
6 285 214
285 6 214
6 286 43
286 6 43
6 288 249
288 6 249
6 290 182
290 6 182
6 291 237
291 6 237
6 293 141
293 6 141
6 297 174
297 6 174
6 299 125
299 6 125
6 300 223
300 6 223
6 302 178
302 6 178
6 304 106
304 6 106
6 306 9
306 6 9
6 307 228
307 6 228
6 308 309
308 6 309
6 311 203
311 6 203
6 312 55
312 6 55
6 313 59
313 6 59
6 314 286
314 6 286
6 315 321
315 6 321
6 319 235
319 6 235
6 321 200
321 6 200
6 323 74
323 6 74
6 325 142
325 6 142
6 327 33
327 6 33
6 328 162
328 6 162
6 329 192
329 6 192
6 330 170
330 6 170
6 331 242
331 6 242
6 333 239
333 6 239
6 337 239
337 6 239
6 338 204
338 6 204
6 344 83
344 6 83
6 348 141
348 6 141
6 350 301
350 6 301
6 352 211
352 6 211
6 354 256
354 6 256
6 357 239
357 6 239
6 363 176
363 6 176
6 365 149
365 6 149
6 377 118
377 6 118
6 380 260
380 6 260
6 384 212
384 6 212
6 385 190
385 6 190
6 387 146
387 6 146
6 388 170
388 6 170
6 389 286
389 6 286
6 390 281
390 6 281
6 391 171
391 6 171
6 395 214
395 6 214
6 399 203
399 6 203
6 400 231
400 6 231
6 402 260
402 6 260
6 406 375
406 6 375
6 409 235
409 6 235
6 410 245
410 6 245
6 411 254
411 6 254
6 414 241
414 6 241
6 415 155
415 6 155
6 417 250
417 6 250
6 420 116
420 6 116
6 424 79
424 6 79
6 426 312
426 6 312
6 429 298
429 6 298
6 432 191
432 6 191
6 434 222
434 6 222
6 435 111
435 6 111
6 436 181
436 6 181
6 437 227
437 6 227
6 439 119
439 6 119
6 443 202
443 6 202
6 446 230
446 6 230
6 448 315
448 6 315
6 450 285
450 6 285
6 452 249
452 6 249
6 455 193
455 6 193
6 456 105
456 6 105
6 460 240
460 6 240
6 461 217
461 6 217
6 467 233
467 6 233
6 470 202
470 6 202
6 472 351
472 6 351
6 474 18
474 6 18
6 475 214
475 6 214
6 476 217
476 6 217
6 478 306
478 6 306
6 479 153
479 6 153
6 482 207
482 6 207
6 484 242
484 6 242
6 487 190
487 6 190
6 488 207
488 6 207
6 491 164
491 6 164
6 493 225
493 6 225
6 494 147
494 6 147
6 495 188
495 6 188
6 497 161
497 6 161
6 498 280
498 6 280
7 12 455
12 7 455
7 13 465
13 7 465
7 22 178
22 7 178
7 23 264
23 7 264
7 25 434
25 7 434
7 26 427
26 7 427
7 27 540
27 7 540
7 28 206
28 7 206
7 29 310
29 7 310
7 31 161
31 7 161
7 32 499
32 7 499
7 34 599
34 7 599
7 37 447
37 7 447
7 38 160
38 7 160
7 39 607
39 7 607
7 40 332
40 7 332
7 41 632
41 7 632
7 42 530
42 7 530
7 45 210
45 7 210
7 46 487
46 7 487
7 48 255
48 7 255
7 50 21
50 7 21
7 51 448
51 7 448
7 52 285
52 7 285
7 54 399
54 7 399
7 56 165
56 7 165
7 57 442
57 7 442
7 62 343
62 7 343
7 67 522
67 7 522
7 68 414
68 7 414
7 73 596
73 7 596
7 77 308
77 7 308
7 84 353
84 7 353
7 85 119
85 7 119
7 86 479
86 7 479
7 91 372
91 7 372
7 93 454
93 7 454
7 94 393
94 7 393
7 95 460
95 7 460
7 98 502
98 7 502
7 99 247
99 7 247
7 101 311
101 7 311
7 103 517
103 7 517
7 104 10
104 7 10
7 106 370
106 7 370
7 107 289
107 7 289
7 108 165
108 7 165
7 109 471
109 7 471
7 110 281
110 7 281
7 111 438
111 7 438
7 113 412
113 7 412
7 114 579
114 7 579
7 117 138
117 7 138
7 118 406
118 7 406
7 125 195
125 7 195
7 126 418
126 7 418
7 129 503
129 7 503
7 130 547
130 7 547
7 131 438
131 7 438
7 136 502
136 7 502
7 137 520
137 7 520
7 138 525
138 7 525
7 140 358
140 7 358
7 142 295
142 7 295
7 143 465
143 7 465
7 144 455
144 7 455
7 145 551
145 7 551
7 148 302
148 7 302
7 151 473
151 7 473
7 153 25
153 7 25
7 154 606
154 7 606
7 155 286
155 7 286
7 159 303
159 7 303
7 160 403
160 7 403
7 161 515
161 7 515
7 163 428
163 7 428
7 164 536
164 7 536
7 165 293
165 7 293
7 171 294
171 7 294
7 172 468
172 7 468
7 173 446
173 7 446
7 174 72
174 7 72
7 175 392
175 7 392
7 176 418
176 7 418
7 177 438
177 7 438
7 178 122
178 7 122
7 180 255
180 7 255
7 181 419
181 7 419
7 182 364
182 7 364
7 183 564
183 7 564
7 184 511
184 7 511
7 187 304
187 7 304
