172 368
125050
0 2 49
2 0 49
0 3 339
3 0 339
0 8 145
8 0 145
0 11 251
11 0 251
0 12 256
12 0 256
0 15 61
15 0 61
0 16 164
16 0 164
0 19 411
19 0 411
0 23 222
23 0 222
0 24 139
24 0 139
0 29 403
29 0 403
0 31 352
31 0 352
0 33 169
33 0 169
0 34 422
34 0 422
0 35 74
35 0 74
0 38 118
38 0 118
0 39 271
39 0 271
0 40 161
40 0 161
0 41 337
41 0 337
0 42 199
42 0 199
0 43 213
43 0 213
0 46 43
46 0 43
0 47 329
47 0 329
0 48 54
48 0 54
0 50 249
50 0 249
0 52 168
52 0 168
0 54 84
54 0 84
0 59 378
59 0 378
0 60 179
60 0 179
0 61 163
61 0 163
0 62 132
62 0 132
0 63 268
63 0 268
0 65 13
65 0 13
0 69 222
69 0 222
0 71 61
71 0 61
0 72 265
72 0 265
0 73 115
73 0 115
0 75 315
75 0 315
0 76 175
76 0 175
0 77 35
77 0 35
0 81 91
81 0 91
0 83 246
83 0 246
0 84 142
84 0 142
0 86 61
86 0 61
0 89 286
89 0 286
0 90 266
90 0 266
0 93 142
93 0 142
0 95 228
95 0 228
0 98 260
98 0 260
0 100 91
100 0 91
0 102 95
102 0 95
0 103 165
103 0 165
0 105 160
105 0 160
0 106 204
106 0 204
0 107 177
107 0 177
0 110 308
110 0 308
0 112 62
112 0 62
0 113 146
113 0 146
0 115 50
115 0 50
0 118 266
118 0 266
0 119 299
119 0 299
0 121 264
121 0 264
0 122 246
122 0 246
0 127 21
127 0 21
0 133 354
133 0 354
0 134 380
134 0 380
0 141 215
141 0 215
0 142 279
142 0 279
0 144 179
144 0 179
0 145 163
145 0 163
0 146 398
146 0 398
0 147 256
147 0 256
0 148 338
148 0 338
0 150 166
150 0 166
0 153 198
153 0 198
0 154 148
154 0 148
0 156 186
156 0 186
0 157 181
157 0 181
0 161 235
161 0 235
0 163 311
163 0 311
0 164 228
164 0 228
0 169 100
169 0 100
0 170 131
170 0 131
0 172 387
172 0 387
0 174 128
174 0 128
0 175 394
175 0 394
0 178 156
178 0 156
0 179 224
179 0 224
0 180 314
180 0 314
0 181 395
181 0 395
0 183 157
183 0 157
0 187 215
187 0 215
0 188 341
188 0 341
0 190 171
190 0 171
0 191 116
191 0 116
0 196 191
196 0 191
0 197 92
197 0 92
0 201 279
201 0 279
0 202 315
202 0 315
0 203 263
203 0 263
0 204 113
204 0 113
0 206 207
206 0 207
0 208 181
208 0 181
0 212 44
212 0 44
0 215 152
215 0 152
0 217 132
217 0 132
0 218 235
218 0 235
0 219 175
219 0 175
0 221 165
221 0 165
0 223 78
223 0 78
0 229 360
229 0 360
0 231 355
231 0 355
0 232 259
232 0 259
0 233 189
233 0 189
0 234 300
234 0 300
0 235 171
235 0 171
0 241 113
241 0 113
0 242 180
242 0 180
0 248 414
248 0 414
0 255 267
255 0 267
0 256 135
256 0 135
0 257 313
257 0 313
0 258 136
258 0 136
0 259 57
259 0 57
0 260 350
260 0 350
0 264 251
264 0 251
0 267 395
267 0 395
0 268 143
268 0 143
0 270 73
270 0 73
0 272 374
272 0 374
0 276 240
276 0 240
0 277 207
277 0 207
0 282 315
282 0 315
0 285 380
285 0 380
0 288 125
288 0 125
0 289 157
289 0 157
0 293 74
293 0 74
0 294 58
294 0 58
0 298 430
298 0 430
0 300 395
300 0 395
0 301 333
301 0 333
0 304 203
304 0 203
0 305 140
305 0 140
0 306 130
306 0 130
0 307 310
307 0 310
0 308 202
308 0 202
0 311 374
311 0 374
0 313 184
313 0 184
0 315 250
315 0 250
0 316 135
316 0 135
0 317 285
317 0 285
0 319 362
319 0 362
0 320 94
320 0 94
0 321 239
321 0 239
0 322 201
322 0 201
0 326 99
326 0 99
0 327 250
327 0 250
0 328 27
328 0 27
0 329 308
329 0 308
0 331 115
331 0 115
0 332 364
332 0 364
0 334 247
334 0 247
0 335 325
335 0 325
0 336 376
336 0 376
0 337 105
337 0 105
0 338 199
338 0 199
0 340 278
340 0 278
0 347 296
347 0 296
0 349 264
349 0 264
0 350 201
350 0 201
0 351 389
351 0 389
0 352 346
352 0 346
0 354 341
354 0 341
0 356 169
356 0 169
0 358 181
358 0 181
0 364 204
364 0 204
0 366 124
366 0 124
0 367 131
367 0 131
0 369 160
369 0 160
0 371 88
371 0 88
0 372 340
372 0 340
0 373 426
373 0 426
0 375 98
375 0 98
0 376 381
376 0 381
0 377 296
377 0 296
0 379 206
379 0 206
0 380 261
380 0 261
0 388 162
388 0 162
0 389 114
389 0 114
0 401 111
401 0 111
0 402 184
402 0 184
0 403 173
403 0 173
0 404 191
404 0 191
0 406 328
406 0 328
0 407 352
407 0 352
0 409 203
409 0 203
0 410 204
410 0 204
0 414 278
414 0 278
0 417 216
417 0 216
0 419 257
419 0 257
0 421 405
421 0 405
0 423 155
423 0 155
0 424 96
424 0 96
0 425 218
425 0 218
0 428 159
428 0 159
0 430 181
430 0 181
0 433 414
433 0 414
0 434 185
434 0 185
0 436 87
436 0 87
0 437 276
437 0 276
0 439 79
439 0 79
0 440 228
440 0 228
0 441 180
441 0 180
0 442 307
442 0 307
0 443 213
443 0 213
0 444 292
444 0 292
0 445 215
445 0 215
0 446 264
446 0 264
0 448 384
448 0 384
0 450 252
450 0 252
0 451 436
451 0 436
0 453 111
453 0 111
0 455 168
455 0 168
0 459 117
459 0 117
0 460 257
460 0 257
0 461 231
461 0 231
0 463 386
463 0 386
0 464 335
464 0 335
0 465 247
465 0 247
0 466 99
466 0 99
0 467 362
467 0 362
0 473 153
473 0 153
0 475 207
475 0 207
0 476 257
476 0 257
0 477 40
477 0 40
0 479 205
479 0 205
0 481 107
481 0 107
0 485 242
485 0 242
0 487 151
487 0 151
0 488 208
488 0 208
0 489 235
489 0 235
0 490 442
490 0 442
0 491 54
491 0 54
0 492 197
492 0 197
0 494 146
494 0 146
0 496 298
496 0 298
0 498 265
498 0 265
0 499 172
499 0 172
1 4 221
4 1 221
1 6 333
6 1 333
1 7 321
7 1 321
1 11 112
11 1 112
1 12 311
12 1 311
1 13 261
13 1 261
1 16 18
16 1 18
1 18 258
18 1 258
1 20 439
20 1 439
1 21 36
21 1 36
1 23 368
23 1 368
1 27 187
27 1 187
1 29 375
29 1 375
1 30 378
30 1 378
1 31 239
31 1 239
1 33 263
33 1 263
1 34 321
34 1 321
1 37 56
37 1 56
1 38 224
38 1 224
1 46 148
46 1 148
1 48 136
48 1 136
1 49 172
49 1 172
1 53 209
53 1 209
1 55 218
55 1 218
1 61 288
61 1 288
1 63 240
63 1 240
1 64 409
64 1 409
1 65 144
65 1 144
1 67 113
67 1 113
1 69 336
69 1 336
1 71 88
71 1 88
1 72 133
72 1 133
1 75 231
75 1 231
1 76 260
76 1 260
1 77 166
77 1 166
1 78 71
78 1 71
1 81 117
81 1 117
1 82 381
82 1 381
1 83 216
83 1 216
1 89 274
89 1 274
1 90 122
90 1 122
1 93 120
93 1 120
1 94 168
94 1 168
1 95 142
95 1 142
1 96 61
96 1 61
1 100 73
100 1 73
1 103 309
103 1 309
1 105 235
105 1 235
1 107 313
107 1 313
1 108 462
108 1 462
1 109 198
109 1 198
1 119 210
119 1 210
1 126 338
126 1 338
1 127 164
127 1 164
1 129 422
129 1 422
1 132 218
132 1 218
1 133 244
133 1 244
1 136 154
136 1 154
1 138 172
138 1 172
1 139 120
139 1 120
1 141 136
141 1 136
1 142 223
142 1 223
1 143 249
143 1 249
1 144 44
144 1 44
1 146 290
146 1 290
1 147 401
147 1 401
1 151 121
151 1 121
1 152 32
152 1 32
1 154 294
154 1 294
1 155 162
155 1 162
1 158 390
158 1 390
1 159 468
159 1 468
1 161 94
161 1 94
1 162 289
162 1 289
1 166 191
166 1 191
1 168 24
168 1 24
1 170 276
170 1 276
1 171 164
171 1 164
1 172 444
172 1 444
1 173 40
173 1 40
1 174 215
174 1 215
1 176 361
176 1 361
1 177 114
177 1 114
1 178 24
178 1 24
1 180 401
180 1 401
1 182 39
182 1 39
1 183 117
183 1 117
1 184 48
184 1 48
1 186 304
186 1 304
1 187 121
187 1 121
1 188 246
188 1 246
1 190 34
190 1 34
1 192 327
192 1 327
1 195 451
195 1 451
1 196 70
196 1 70
1 198 294
198 1 294
1 199 72
199 1 72
1 200 202
200 1 202
1 202 189
202 1 189
1 203 313
203 1 313
1 204 109
204 1 109
1 206 192
206 1 192
1 207 320
207 1 320
1 209 249
209 1 249
1 212 187
212 1 187
1 215 41
215 1 41
1 218 299
218 1 299
1 220 367
220 1 367
1 222 258
222 1 258
1 229 390
229 1 390
1 234 391
234 1 391
1 235 265
235 1 265
1 240 197
240 1 197
1 242 100
242 1 100
1 244 350
244 1 350
1 245 131
245 1 131
1 246 322
246 1 322
1 247 121
247 1 121
1 249 319
249 1 319
1 250 169
250 1 169
1 254 213
254 1 213
1 255 307
255 1 307
1 256 273
256 1 273
1 257 385
257 1 385
1 258 102
258 1 102
1 259 140
259 1 140
1 260 287
260 1 287
1 261 212
261 1 212
1 266 381
266 1 381
1 267 303
267 1 303
1 268 270
268 1 270
1 270 204
270 1 204
1 272 440
272 1 440
1 273 289
273 1 289
1 277 165
277 1 165
1 279 110
279 1 110
1 281 371
281 1 371
1 282 301
282 1 301
1 283 164
283 1 164
1 285 403
285 1 403
1 287 221
287 1 221
1 290 321
290 1 321
1 291 167
291 1 167
1 292 94
292 1 94
1 293 211
293 1 211
1 294 180
294 1 180
1 296 261
296 1 261
1 297 244
297 1 244
1 298 338
298 1 338
1 299 471
299 1 471
1 301 292
301 1 292
1 302 290
302 1 290
1 305 62
305 1 62
1 306 206
306 1 206
1 307 373
307 1 373
1 310 270
310 1 270
1 313 313
313 1 313
1 314 258
314 1 258
1 315 365
315 1 365
1 319 277
319 1 277
1 320 85
320 1 85
1 324 460
324 1 460
1 325 122
325 1 122
1 327 105
327 1 105
1 330 59
330 1 59
1 332 436
332 1 436
1 334 111
334 1 111
1 337 239
337 1 239
1 339 70
339 1 70
1 340 158
340 1 158
1 341 199
341 1 199
1 342 213
342 1 213
1 346 216
346 1 216
1 348 256
348 1 256
1 351 303
351 1 303
1 352 273
352 1 273
1 353 82
353 1 82
1 356 313
356 1 313
1 358 283
358 1 283
1 361 243
361 1 243
1 362 387
362 1 387
1 365 119
365 1 119
1 371 215
371 1 215
1 373 463
373 1 463
1 375 91
375 1 91
1 376 418
376 1 418
1 377 385
377 1 385
1 378 365
378 1 365
1 380 386
380 1 386
1 381 235
381 1 235
1 383 301
383 1 301
1 385 349
385 1 349
1 387 297
387 1 297
1 391 369
391 1 369
1 392 256
392 1 256
1 394 45
394 1 45
1 396 319
396 1 319
1 398 428
398 1 428
1 399 227
399 1 227
1 401 177
401 1 177
1 402 276
402 1 276
1 404 132
404 1 132
1 407 278
407 1 278
1 409 115
409 1 115
1 411 425
411 1 425
1 414 254
414 1 254
1 415 130
415 1 130
1 416 453
416 1 453
1 418 209
418 1 209
1 420 422
420 1 422
1 422 52
422 1 52
1 424 162
424 1 162
1 425 85
425 1 85
1 427 313
427 1 313
1 429 116
429 1 116
1 430 111
430 1 111
1 431 340
431 1 340
1 437 174
437 1 174
1 438 172
438 1 172
1 441 94
441 1 94
1 442 245
442 1 245
1 443 143
443 1 143
1 445 277
445 1 277
1 447 311
447 1 311
1 448 276
448 1 276
1 450 165
450 1 165
1 451 348
451 1 348
1 453 256
453 1 256
1 459 262
459 1 262
1 460 270
460 1 270
1 461 144
461 1 144
1 467 424
467 1 424
1 468 348
468 1 348
1 469 238
469 1 238
1 473 13
473 1 13
1 474 194
474 1 194
1 475 111
475 1 111
1 476 388
476 1 388
1 477 110
477 1 110
1 478 268
478 1 268
1 479 61
479 1 61
1 482 205
482 1 205
1 483 106
483 1 106
1 485 355
485 1 355
1 486 326
486 1 326
1 487 254
487 1 254
1 488 106
488 1 106
1 491 168
491 1 168
1 497 342
497 1 342
1 498 293
498 1 293
1 499 41
499 1 41
2 3 356
3 2 356
2 4 336
4 2 336
2 5 438
5 2 438
2 7 140
7 2 140
2 8 161
8 2 161
2 9 80
9 2 80
2 10 278
10 2 278
2 11 300
11 2 300
2 13 154
13 2 154
2 14 171
14 2 171
2 15 104
15 2 104
2 17 118
17 2 118
2 18 283
18 2 283
2 21 230
21 2 230
2 23 175
23 2 175
2 24 138
24 2 138
2 25 217
25 2 217
2 27 118
27 2 118
2 28 422
28 2 422
2 29 433
29 2 433
2 30 206
30 2 206
2 32 335
32 2 335
2 33 167
33 2 167
2 38 118
38 2 118
2 40 210
40 2 210
2 42 243
42 2 243
2 43 262
43 2 262
2 44 292
44 2 292
2 46 75
46 2 75
2 48 77
48 2 77
2 49 203
49 2 203
2 53 93
53 2 93
2 56 41
56 2 41
2 57 426
57 2 426
2 58 290
58 2 290
2 62 86
62 2 86
2 66 470
66 2 470
2 67 228
67 2 228
2 68 256
68 2 256
2 70 171
70 2 171
2 72 314
72 2 314
2 73 153
73 2 153
2 74 187
74 2 187
2 75 359
75 2 359
2 76 177
76 2 177
2 77 35
77 2 35
2 78 159
78 2 159
2 79 109
79 2 109
2 80 119
80 2 119
2 81 120
81 2 120
2 83 282
83 2 282
2 84 178
84 2 178
2 85 349
85 2 349
2 86 79
86 2 79
2 87 187
87 2 187
2 88 182
88 2 182
2 89 315
89 2 315
2 92 310
92 2 310
2 93 184
93 2 184
2 94 351
94 2 351
2 98 291
98 2 291
2 100 139
100 2 139
2 101 406
101 2 406
2 104 160
104 2 160
2 105 170
105 2 170
2 107 143
107 2 143
2 109 35
109 2 35
2 110 353
110 2 353
2 114 82
114 2 82
2 116 319
116 2 319
2 118 293
118 2 293
2 119 344
119 2 344
2 121 254
121 2 254
2 122 294
122 2 294
2 125 162
125 2 162
2 128 131
128 2 131
2 130 432
130 2 432
2 131 74
131 2 74
2 133 401
133 2 401
2 135 239
135 2 239
2 137 390
137 2 390
2 138 198
138 2 198
2 139 271
139 2 271
2 140 438
140 2 438
2 145 199
145 2 199
2 146 445
146 2 445
2 147 208
147 2 208
2 149 178
149 2 178
2 150 193
150 2 193
2 151 242
151 2 242
2 152 218
152 2 218
2 153 247
153 2 247
2 154 100
154 2 100
2 155 269
155 2 269
2 157 209
157 2 209
2 158 270
158 2 270
2 162 156
162 2 156
2 163 351
163 2 351
2 166 319
166 2 319
2 167 159
167 2 159
2 168 169
168 2 169
2 170 82
170 2 82
2 177 123
177 2 123
2 178 203
178 2 203
2 182 155
182 2 155
2 183 188
183 2 188
2 184 231
184 2 231
2 185 52
185 2 52
2 186 238
186 2 238
2 187 252
187 2 252
2 189 201
189 2 201
2 193 415
193 2 415
2 195 389
195 2 389
2 197 125
197 2 125
2 198 329
198 2 329
2 200 274
200 2 274
2 202 364
202 2 364
2 204 144
204 2 144
2 207 352
207 2 352
2 208 169
208 2 169
2 210 306
210 2 306
2 211 189
211 2 189
2 213 351
213 2 351
2 215 196
215 2 196
2 217 150
217 2 150
2 218 243
218 2 243
2 219 160
219 2 160
2 220 200
220 2 200
2 222 386
222 2 386
2 227 210
227 2 210
2 230 404
230 2 404
2 233 207
233 2 207
2 234 291
234 2 291
2 235 170
235 2 170
2 236 427
236 2 427
2 238 372
238 2 372
2 239 249
239 2 249
2 240 47
240 2 47
2 244 368
244 2 368
2 245 77
245 2 77
2 247 274
247 2 274
2 248 420
248 2 420
2 249 125
249 2 125
2 254 276
254 2 276
2 256 87
256 2 87
2 258 169
258 2 169
2 260 389
260 2 389
2 262 371
262 2 371
2 264 267
264 2 267
2 267 439
267 2 439
2 268 121
268 2 121
2 270 41
270 2 41
2 272 374
272 2 374
2 273 214
273 2 214
2 276 289
276 2 289
2 277 247
277 2 247
2 279 146
279 2 146
2 281 266
281 2 266
2 283 125
283 2 125
2 286 458
286 2 458
2 287 121
287 2 121
2 288 125
288 2 125
2 289 205
289 2 205
2 293 33
293 2 33
2 296 215
296 2 215
2 297 376
297 2 376
2 298 473
298 2 473
2 300 426
300 2 426
2 303 424
303 2 424
2 309 277
309 2 277
2 312 255
312 2 255
2 315 229
315 2 229
2 319 405
319 2 405
2 322 232
322 2 232
2 326 126
326 2 126
2 329 349
329 2 349
2 331 85
331 2 85
2 334 292
334 2 292
2 337 82
337 2 82
2 338 241
338 2 241
2 339 227
339 2 227
2 342 374
342 2 374
2 343 355
343 2 355
2 344 297
344 2 297
2 348 362
348 2 362
2 349 314
349 2 314
2 350 221
350 2 221
2 351 432
351 2 432
2 352 388
352 2 388
2 353 239
353 2 239
2 355 91
355 2 91
2 358 173
358 2 173
2 359 169
359 2 169
2 362 372
362 2 372
2 364 242
364 2 242
2 365 256
365 2 256
2 368 253
368 2 253
2 369 138
369 2 138
2 370 45
370 2 45
2 371 54
371 2 54
2 372 358
372 2 358
2 374 258
374 2 258
2 375 144
375 2 144
2 377 289
377 2 289
2 378 357
378 2 357
2 379 157
379 2 157
2 381 224
381 2 224
2 383 224
383 2 224
2 385 404
385 2 404
2 387 398
387 2 398
2 388 199
388 2 199
2 392 189
392 2 189
2 393 299
393 2 299
2 396 273
396 2 273
2 398 329
398 2 329
2 400 158
400 2 158
2 401 134
401 2 134
2 403 151
403 2 151
2 404 222
404 2 222
2 405 391
405 2 391
2 406 377
406 2 377
2 408 189
408 2 189
2 409 239
409 2 239
2 412 292
412 2 292
2 413 82
413 2 82
2 414 311
414 2 311
2 415 86
415 2 86
2 418 39
418 2 39
2 419 294
419 2 294
2 420 377
420 2 377
2 421 440
421 2 440
2 424 104
424 2 104
2 427 134
427 2 134
2 429 131
429 2 131
2 431 146
431 2 146
2 433 457
433 2 457
2 434 170
434 2 170
2 435 198
435 2 198
2 437 323
437 2 323
2 438 306
438 2 306
2 440 269
440 2 269
2 441 218
441 2 218
2 442 348
442 2 348
2 445 224
445 2 224
2 446 273
446 2 273
2 450 285
450 2 285
2 452 378
452 2 378
2 455 217
455 2 217
2 458 155
458 2 155
2 459 74
459 2 74
2 470 369
470 2 369
2 471 273
471 2 273
2 474 368
474 2 368
2 475 254
475 2 254
2 476 226
476 2 226
2 478 206
478 2 206
2 486 321
486 2 321
2 489 246
489 2 246
2 492 246
492 2 246
2 493 193
493 2 193
2 495 345
495 2 345
2 496 345
496 2 345
2 497 272
497 2 272
3 4 221
4 3 221
3 5 256
5 3 256
3 6 157
6 3 157
3 8 195
8 3 195
3 10 136
10 3 136
3 12 98
12 3 98
3 17 273
17 3 273
3 19 78
19 3 78
3 24 225
24 3 225
3 25 262
25 3 262
3 28 118
28 3 118
3 31 324
31 3 324
3 34 324
34 3 324
3 35 319
35 3 319
3 36 97
36 3 97
3 37 314
37 3 314
3 41 63
41 3 63
3 46 296
46 3 296
3 48 390
48 3 390
3 50 91
50 3 91
3 51 399
51 3 399
3 52 378
52 3 378
3 54 422
54 3 422
3 57 78
57 3 78
3 59 235
59 3 235
3 60 306
60 3 306
3 62 363
62 3 363
3 66 334
66 3 334
3 67 257
67 3 257
3 69 237
69 3 237
3 71 357
71 3 357
3 72 352
72 3 352
3 74 188
74 3 188
3 75 247
75 3 247
3 78 296
78 3 296
3 79 264
79 3 264
3 85 295
85 3 295
3 87 413
87 3 413
3 88 467
88 3 467
3 89 102
89 3 102
3 90 399
90 3 399
3 91 230
91 3 230
3 98 124
98 3 124
3 99 435
99 3 435
3 101 227
101 3 227
3 102 433
102 3 433
3 104 320
104 3 320
3 107 311
107 3 311
3 108 122
108 3 122
3 111 88
111 3 88
3 113 318
113 3 318
3 114 400
114 3 400
3 117 267
117 3 267
3 118 99
118 3 99
3 119 256
119 3 256
3 121 185
121 3 185
3 122 404
122 3 404
3 123 380
123 3 380
3 124 470
124 3 470
3 125 213
125 3 213
3 127 330
127 3 330
3 130 311
130 3 311
3 131 347
131 3 347
3 133 317
133 3 317
3 134 238
134 3 238
3 137 346
137 3 346
3 140 288
140 3 288
3 142 191
142 3 191
3 143 121
143 3 121
3 147 436
147 3 436
3 148 197
148 3 197
3 151 256
151 3 256
3 153 347
153 3 347
3 159 109
159 3 109
3 163 208
163 3 208
3 166 246
166 3 246
3 167 411
167 3 411
3 168 356
168 3 356
3 169 383
169 3 383
3 170 386
170 3 386
3 173 386
173 3 386
3 174 219
174 3 219
3 175 260
175 3 260
3 179 421
179 3 421
3 180 169
180 3 169
3 183 460
183 3 460
3 187 483
187 3 483
3 188 275
188 3 275
3 194 301
194 3 301
3 196 431
196 3 431
3 199 425
199 3 425
3 201 136
201 3 136
3 202 350
202 3 350
3 203 87
203 3 87
3 206 170
206 3 170
3 212 331
212 3 331
3 213 306
213 3 306
3 215 401
215 3 401
3 216 345
216 3 345
3 217 207
217 3 207
3 220 312
220 3 312
3 222 251
222 3 251
3 224 336
224 3 336
3 226 95
226 3 95
3 227 318
227 3 318
3 229 31
229 3 31
3 230 84
230 3 84
3 231 67
231 3 67
3 232 191
232 3 191
3 233 149
233 3 149
3 236 127
236 3 127
3 237 329
237 3 329
3 238 17
238 3 17
3 239 232
239 3 232
3 240 401
240 3 401
3 243 478
243 3 478
3 246 43
246 3 43
3 250 248
250 3 248
3 251 86
251 3 86
3 252 109
252 3 109
3 254 160
254 3 160
3 256 422
256 3 422
3 259 393
259 3 393
3 260 201
260 3 201
3 261 329
261 3 329
3 263 392
263 3 392
3 269 386
269 3 386
3 270 397
270 3 397
3 271 321
271 3 321
3 272 129
272 3 129
3 276 385
276 3 385
3 277 204
277 3 204
3 278 147
278 3 147
3 279 265
279 3 265
3 283 241
283 3 241
3 284 244
284 3 244
3 285 42
285 3 42
3 289 282
289 3 282
3 290 393
290 3 393
3 291 529
291 3 529
3 293 388
293 3 388
3 294 290
294 3 290
3 296 142
296 3 142
3 297 256
297 3 256
3 302 71
302 3 71
3 305 412
305 3 412
3 306 211
306 3 211
3 310 225
310 3 225
3 313 281
313 3 281
3 315 247
315 3 247
3 322 159
322 3 159
3 324 121
324 3 121
3 325 442
325 3 442
3 326 420
326 3 420
3 327 422
327 3 422
3 328 366
328 3 366
3 329 218
329 3 218
3 330 374
330 3 374
3 331 306
331 3 306
3 333 214
333 3 214
3 335 47
335 3 47
3 336 37
336 3 37
3 338 448
338 3 448
3 340 324
340 3 324
3 341 312
341 3 312
3 343 8
343 3 8
3 344 180
344 3 180
3 345 234
345 3 234
3 346 375
346 3 375
3 348 206
348 3 206
3 349 370
349 3 370
3 350 137
350 3 137
3 353 444
353 3 444
3 355 270
355 3 270
3 356 420
356 3 420
3 359 246
359 3 246
3 361 155
361 3 155
3 363 258
363 3 258
3 364 190
364 3 190
3 367 454
367 3 454
3 368 238
368 3 238
3 369 268
369 3 268
3 371 410
371 3 410
3 376 63
376 3 63
3 378 6
378 3 6
3 379 421
379 3 421
3 381 137
381 3 137
3 386 117
386 3 117
3 389 289
389 3 289
3 391 332
391 3 332
3 393 69
393 3 69
3 394 335
394 3 335
3 396 94
396 3 94
3 397 352
397 3 352
3 398 187
398 3 187
3 401 227
401 3 227
3 404 485
404 3 485
3 411 65
411 3 65
3 412 70
412 3 70
3 416 94
416 3 94
3 417 349
417 3 349
3 418 322
418 3 322
3 421 188
421 3 188
3 422 343
422 3 343
3 428 182
428 3 182
3 431 409
431 3 409
3 432 336
432 3 336
3 433 278
433 3 278
3 434 231
434 3 231
3 436 426
436 3 426
3 439 277
439 3 277
3 440 199
440 3 199
3 441 453
441 3 453
3 444 272
444 3 272
3 445 136
445 3 136
3 448 323
448 3 323
3 452 71
452 3 71
3 455 313
455 3 313
3 456 195
456 3 195
3 457 169
457 3 169
3 458 200
458 3 200
3 460 91
460 3 91
3 461 261
461 3 261
3 462 246
462 3 246
3 463 236
463 3 236
3 466 412
466 3 412
3 467 112
467 3 112
3 468 265
468 3 265
3 469 404
469 3 404
3 472 374
472 3 374
3 473 354
473 3 354
3 474 348
474 3 348
3 476 308
476 3 308
3 478 154
478 3 154
3 479 370
479 3 370
3 480 284
480 3 284
3 484 432
484 3 432
3 485 236
485 3 236
3 488 291
488 3 291
3 489 114
489 3 114
3 492 367
492 3 367
3 493 203
493 3 203
3 497 124
497 3 124
3 498 74
498 3 74
3 499 339
499 3 339
4 5 102
5 4 102
4 6 297
6 4 297
4 7 404
7 4 404
4 9 257
9 4 257
4 10 300
10 4 300
4 12 237
12 4 237
4 13 285
13 4 285
4 14 289
14 4 289
4 15 233
15 4 233
4 16 215
16 4 215
4 18 136
18 4 136
4 19 289
19 4 289
4 21 206
21 4 206
4 27 241
27 4 241
4 31 106
31 4 106
4 32 96
32 4 96
4 34 139
34 4 139
4 35 325
35 4 325
4 38 274
38 4 274
4 40 165
40 4 165
4 41 165
41 4 165
4 42 95
42 4 95
4 43 142
43 4 142
4 44 213
44 4 213
4 45 272
45 4 272
4 47 206
47 4 206
4 48 322
48 4 322
4 50 205
50 4 205
4 52 422
52 4 422
4 55 58
55 4 58
4 58 364
58 4 364
4 59 85
59 4 85
4 61 339
61 4 339
4 62 392
62 4 392
4 65 302
65 4 302
4 66 145
66 4 145
4 71 271
71 4 271
4 73 299
73 4 299
4 75 30
75 4 30
4 76 260
76 4 260
4 86 263
86 4 263
4 88 352
88 4 352
4 90 200
90 4 200
4 93 152
93 4 152
4 96 232
96 4 232
4 97 334
97 4 334
4 101 73
101 4 73
4 102 363
102 4 363
4 103 436
103 4 436
4 104 206
104 4 206
4 106 472
106 4 472
4 109 360
109 4 360
4 112 246
112 4 246
4 120 382
120 4 382
4 121 332
121 4 332
4 122 213
122 4 213
4 123 219
123 4 219
4 125 287
125 4 287
4 126 148
126 4 148
4 127 299
127 4 299
4 128 224
128 4 224
4 129 355
129 4 355
4 133 100
133 4 100
4 135 102
135 4 102
4 136 112
136 4 112
4 138 150
138 4 150
4 140 105
140 4 105
4 141 351
141 4 351
4 142 32
142 4 32
4 144 184
144 4 184
4 145 317
145 4 317
4 149 163
149 4 163
4 150 353
150 4 353
4 151 104
151 4 104
4 153 175
153 4 175
4 154 416
154 4 416
4 156 269
156 4 269
4 157 155
157 4 155
4 161 252
161 4 252
4 163 23
163 4 23
4 166 34
166 4 34
4 167 296
167 4 296
4 168 231
168 4 231
4 170 404
170 4 404
4 171 219
171 4 219
4 172 333
172 4 333
4 173 260
173 4 260
4 176 295
176 4 295
4 178 241
178 4 241
4 180 348
180 4 348
4 181 101
181 4 101
4 182 231
182 4 231
4 184 246
184 4 246
4 186 258
186 4 258
4 187 331
187 4 331
4 188 63
188 4 63
4 189 159
189 4 159
4 190 240
190 4 240
4 191 218
191 4 218
4 193 251
193 4 251
4 194 360
194 4 360
4 196 275
196 4 275
4 199 293
199 4 293
4 202 131
202 4 131
4 204 323
204 4 323
4 205 343
205 4 343
4 207 151
207 4 151
4 208 311
208 4 311
4 209 408
209 4 408
4 211 487
211 4 487
4 213 85
213 4 85
4 214 25
214 4 25
4 215 261
215 4 261
4 216 339
216 4 339
4 219 319
219 4 319
4 225 192
225 4 192
4 226 151
226 4 151
4 227 171
227 4 171
4 229 252
229 4 252
4 232 44
232 4 44
4 233 198
233 4 198
4 234 348
234 4 348
4 235 274
235 4 274
4 239 373
239 4 373
4 245 260
245 4 260
4 246 179
246 4 179
4 248 332
248 4 332
4 249 443
249 4 443
4 251 135
251 4 135
4 254 85
254 4 85
4 255 213
255 4 213
4 256 423
256 4 423
4 257 312
257 4 312
4 258 323
258 4 323
4 259 326
259 4 326
4 261 330
261 4 330
4 266 352
266 4 352
4 269 402
269 4 402
4 274 189
274 4 189
4 276 194
276 4 194
4 277 90
277 4 90
4 280 313
280 4 313
4 281 341
281 4 341
4 282 130
282 4 130
4 285 252
285 4 252
4 287 268
287 4 268
4 289 148
289 4 148
4 292 201
292 4 201
4 294 279
294 4 279
4 298 138
298 4 138
4 300 161
300 4 161
4 301 87
301 4 87
4 305 283
305 4 283
4 306 232
306 4 232
4 308 92
308 4 92
4 309 238
309 4 238
4 311 305
311 4 305
4 313 363
313 4 363
4 315 375
315 4 375
4 318 200
318 4 200
4 319 69
319 4 69
4 320 293
320 4 293
4 324 341
324 4 341
4 325 338
325 4 338
4 328 316
328 4 316
4 330 265
330 4 265
4 331 341
331 4 341
4 334 275
334 4 275
4 336 245
336 4 245
4 337 324
337 4 324
4 338 293
338 4 293
4 339 280
339 4 280
4 341 310
341 4 310
4 343 228
343 4 228
4 347 139
347 4 139
4 352 53
352 4 53
4 353 288
353 4 288
4 355 253
355 4 253
4 356 445
356 4 445
4 359 335
359 4 335
4 360 407
360 4 407
4 361 214
361 4 214
4 368 380
368 4 380
4 371 382
371 4 382
4 372 215
372 4 215
4 375 197
375 4 197
4 377 338
377 4 338
4 383 269
383 4 269
4 385 149
385 4 149
4 387 75
387 4 75
4 395 186
395 4 186
4 397 309
397 4 309
4 401 219
401 4 219
4 402 278
402 4 278
4 403 340
403 4 340
4 405 261
405 4 261
4 407 59
407 4 59
4 408 301
408 4 301
4 409 329
409 4 329
4 412 178
412 4 178
4 413 253
413 4 253
4 414 91
414 4 91
4 419 61
419 4 61
4 423 192
423 4 192
4 424 361
424 4 361
4 425 159
425 4 159
4 426 382
426 4 382
4 427 395
427 4 395
4 430 118
430 4 118
4 431 455
431 4 455
4 432 136
432 4 136
4 434 320
434 4 320
4 436 369
436 4 369
4 441 311
441 4 311
4 443 82
443 4 82
4 444 53
444 4 53
4 446 239
446 4 239
4 447 244
447 4 244
4 448 116
448 4 116
4 451 143
451 4 143
4 454 353
454 4 353
4 456 43
456 4 43
4 458 238
458 4 238
4 459 372
459 4 372
4 460 156
460 4 156
4 462 158
462 4 158
4 464 181
464 4 181
4 465 499
465 4 499
4 467 324
467 4 324
4 468 133
468 4 133
4 469 392
469 4 392
4 471 64
471 4 64
4 474 128
474 4 128
4 476 425
476 4 425
4 478 240
478 4 240
4 480 78
480 4 78
4 483 263
483 4 263
4 486 199
486 4 199
4 487 284
487 4 284
4 488 116
488 4 116
4 489 230
489 4 230
4 492 196
492 4 196
4 494 325
494 4 325
4 496 61
496 4 61
4 497 282
497 4 282
4 499 182
499 4 182
5 7 499
7 5 499
5 11 242
11 5 242
5 13 376
13 5 376
5 14 377
14 5 377
5 16 307
16 5 307
5 18 205
18 5 205
5 19 305
19 5 305
5 20 392
20 5 392
5 21 295
21 5 295
5 22 270
22 5 270
5 25 464
25 5 464
5 26 152
26 5 152
5 28 158
28 5 158
5 32 157
32 5 157
5 34 69
34 5 69
5 35 425
35 5 425
5 37 305
37 5 305
5 38 370
38 5 370
5 39 125
39 5 125
5 41 192
41 5 192
5 42 198
42 5 198
5 44 286
44 5 286
5 45 371
45 5 371
5 48 424
48 5 424
5 49 241
49 5 241
5 51 436
51 5 436
5 52 520
52 5 520
5 56 419
56 5 419
5 59 22
59 5 22
5 63 156
63 5 156
5 65 405
65 5 405
5 66 81
66 5 81
5 69 434
69 5 434
5 80 394
80 5 394
5 82 462
82 5 462
5 83 166
83 5 166
5 85 129
85 5 129
5 86 364
86 5 364
5 90 266
90 5 266
5 91 320
91 5 320
5 95 436
95 5 436
5 96 333
96 5 333
5 97 412
97 5 412
5 98 180
98 5 180
5 100 313
100 5 313
5 101 34
101 5 34
5 104 306
104 5 306
5 105 326
105 5 326
5 106 572
106 5 572
5 108 375
108 5 375
5 110 98
110 5 98
5 114 513
114 5 513
5 115 446
115 5 446
5 116 437
116 5 437
5 117 269
117 5 269
5 118 200
118 5 200
5 119 105
119 5 105
5 120 480
120 5 480
5 121 405
121 5 405
5 122 286
122 5 286
5 123 307
123 5 307
5 124 416
124 5 416
5 125 376
125 5 376
5 127 402
127 5 402
5 128 322
128 5 322
5 129 411
129 5 411
5 131 472
131 5 472
5 133 104
133 5 104
5 137 146
137 5 146
5 139 399
139 5 399
5 141 437
141 5 437
5 142 121
142 5 121
5 143 258
143 5 258
5 144 275
144 5 275
5 146 89
146 5 89
5 148 69
148 5 69
5 149 263
149 5 263
5 150 447
150 5 447
5 155 169
155 5 169
5 158 444
158 5 444
5 159 342
159 5 342
5 161 329
161 5 329
5 162 413
162 5 413
5 164 359
164 5 359
5 166 126
166 5 126
5 167 392
167 5 392
5 169 372
169 5 372
5 170 505
170 5 505
5 171 319
171 5 319
5 172 370
172 5 370
5 174 342
174 5 342
5 175 6
175 5 6
5 179 324
179 5 324
5 180 411
180 5 411
5 181 13
181 5 13
5 182 330
182 5 330
5 184 333
184 5 333
5 185 460
185 5 460
5 186 333
186 5 333
5 189 258
189 5 258
5 192 83
192 5 83
5 194 454
194 5 454
5 197 314
197 5 314
5 198 181
198 5 181
5 199 387
199 5 387
5 201 366
201 5 366
5 202 172
202 5 172
5 203 296
203 5 296
5 204 422
204 5 422
5 206 206
206 5 206
5 207 184
207 5 184
5 209 510
209 5 510
5 210 132
210 5 132
5 216 440
216 5 440
5 219 408
219 5 408
5 221 337
221 5 337
5 222 57
222 5 57
5 223 371
223 5 371
5 225 292
225 5 292
5 226 219
226 5 219
5 227 267
227 5 267
5 229 283
229 5 283
5 231 323
231 5 323
5 232 140
232 5 140
5 233 284
233 5 284
5 238 250
238 5 250
5 239 450
239 5 450
5 246 222
246 5 222
5 250 149
250 5 149
5 252 271
252 5 271
5 253 484
253 5 484
5 255 276
255 5 276
5 256 524
256 5 524
5 257 370
257 5 370
5 259 428
259 5 428
5 263 567
263 5 567
5 264 266
264 5 266
5 265 414
265 5 414
5 268 425
268 5 425
5 269 503
269 5 503
5 271 515
271 5 515
5 273 342
273 5 342
5 274 289
274 5 289
5 275 117
275 5 117
5 276 268
276 5 268
5 277 191
277 5 191
5 279 292
279 5 292
5 280 413
280 5 413
5 281 412
281 5 412
5 283 320
283 5 320
5 284 315
284 5 315
5 285 274
285 5 274
5 289 248
289 5 248
5 292 275
292 5 275
5 294 380
294 5 380
5 295 426
295 5 426
5 296 304
296 5 304
5 298 44
298 5 44
5 299 380
299 5 380
5 300 144
300 5 144
5 302 232
302 5 232
5 303 382
303 5 382
5 304 566
304 5 566
5 305 377
305 5 377
5 306 327
306 5 327
5 307 345
307 5 345
5 308 195
308 5 195
5 309 315
309 5 315
5 311 341
311 5 341
5 312 309
312 5 309
5 313 454
313 5 454
5 315 455
315 5 455
5 320 392
320 5 392
5 321 236
321 5 236
5 322 224
322 5 224
5 323 359
323 5 359
5 325 436
325 5 436
5 328 419
328 5 419
5 331 439
331 5 439
5 333 271
333 5 271
5 335 298
335 5 298
5 336 267
336 5 267
5 340 175
340 5 175
5 341 410
341 5 410
5 342 130
342 5 130
5 343 264
343 5 264
5 345 381
345 5 381
5 346 464
346 5 464
5 347 192
347 5 192
5 351 18
351 5 18
5 352 50
352 5 50
5 355 353
355 5 353
5 358 384
358 5 384
5 359 423
359 5 423
5 360 492
360 5 492
5 365 410
365 5 410
5 368 457
368 5 457
5 371 484
371 5 484
5 377 404
377 5 404
5 378 262
378 5 262
5 379 567
379 5 567
5 381 262
381 5 262
5 386 251
386 5 251
5 387 56
387 5 56
5 389 287
389 5 287
5 390 423
390 5 423
5 393 227
393 5 227
5 394 271
394 5 271
5 397 411
397 5 411
5 398 434
398 5 434
5 399 274
399 5 274
5 400 474
400 5 474
5 401 317
401 5 317
5 402 364
402 5 364
5 403 431
403 5 431
5 405 286
405 5 286
5 406 162
406 5 162
5 410 327
410 5 327
5 411 307
411 5 307
5 413 356
413 5 356
5 414 156
414 5 156
5 416 331
416 5 331
5 417 523
417 5 523
5 419 150
419 5 150
5 420 343
420 5 343
5 422 268
422 5 268
5 423 287
423 5 287
5 424 463
424 5 463
5 425 242
425 5 242
5 426 473
426 5 473
5 431 553
431 5 553
5 433 23
433 5 23
5 434 408
434 5 408
5 438 144
438 5 144
5 441 401
441 5 401
5 442 92
442 5 92
5 443 184
443 5 184
5 445 313
445 5 313
5 446 304
446 5 304
5 451 44
451 5 44
5 452 326
452 5 326
5 454 455
454 5 455
5 455 257
455 5 257
5 456 140
456 5 140
5 457 420
457 5 420
5 460 223
460 5 223
5 461 173
461 5 173
5 463 20
463 5 20
5 467 368
467 5 368
5 468 32
468 5 32
5 469 494
469 5 494
5 471 164
471 5 164
5 474 166
474 5 166
5 475 206
475 5 206
5 476 510
476 5 510
5 477 359
477 5 359
5 479 280
479 5 280
5 481 386
481 5 386
5 482 116
482 5 116
5 487 375
487 5 375
5 488 210
488 5 210
5 490 46
490 5 46
5 493 249
493 5 249
5 496 121
496 5 121
6 9 202
9 6 202
6 12 67
12 6 67
6 13 91
13 6 91
6 14 75
14 6 75
6 18 165
18 6 165
6 22 419
22 6 419
6 27 153
27 6 153
6 28 268
28 6 268
6 30 173
30 6 173
6 32 363
32 6 363
6 33 80
33 6 80
6 34 429
34 6 429
6 39 287
39 6 287
6 41 201
41 6 201
6 43 336
43 6 336
6 45 164
45 6 164
6 47 159
47 6 159
6 48 304
48 6 304
6 49 181
49 6 181
6 50 96
50 6 96
6 51 309
51 6 309
6 52 232
52 6 232
6 53 155
53 6 155
6 54 330
54 6 330
6 56 205
56 6 205
6 57 203
57 6 203
6 58 486
58 6 486
6 60 306
60 6 306
6 61 123
61 6 123
6 63 218
63 6 218
6 64 216
64 6 216
6 65 262
65 6 262
6 67 266
67 6 266
6 69 80
69 6 80
6 72 382
72 6 382
6 73 352
73 6 352
6 75 328
75 6 328
6 79 193
79 6 193
6 80 320
80 6 320
6 81 339
81 6 339
6 82 92
82 6 92
6 85 357
85 6 357
6 87 258
87 6 258
6 89 194
89 6 194
6 90 415
90 6 415
6 92 364
92 6 364
6 93 224
93 6 224
6 95 461
95 6 461
6 96 283
96 6 283
6 97 46
97 6 46
6 101 336
101 6 336
6 102 341
102 6 341
6 103 265
103 6 265
6 104 283
104 6 283
6 106 284
106 6 284
6 109 281
109 6 281
6 111 195
111 6 195
6 112 198
112 6 198
6 115 270
115 6 270
6 117 243
117 6 243
6 118 170
118 6 170
6 119 327
119 6 327
6 120 206
120 6 206
6 121 35
121 6 35
6 127 233
127 6 233
6 129 92
129 6 92
6 132 393
132 6 393
6 135 213
135 6 213
6 137 412
137 6 412
6 138 178
138 6 178
6 142 266
142 6 266
6 143 118
143 6 118
6 146 426
146 6 426
6 147 281
147 6 281
6 148 301
148 6 301
6 149 185
149 6 185
6 150 410
150 6 410
6 154 247
154 6 247
6 156 394
156 6 394
6 158 74
158 6 74
6 159 205
159 6 205
6 162 100
162 6 100
6 167 355
167 6 355
6 170 250
170 6 250
6 171 170
171 6 170
6 174 124
174 6 124
6 176 46
176 6 46
6 178 356
178 6 356
6 179 411
179 6 411
6 180 68
180 6 68
6 183 400
183 6 400
6 184 382
184 6 382
6 186 39
186 6 39
6 187 444
187 6 444
6 188 361
188 6 361
6 189 284
189 6 284
6 191 153
191 6 153
6 192 304
192 6 304
6 195 143
195 6 143
6 196 401
196 6 401
6 197 191
197 6 191
6 198 193
198 6 193
6 199 377
199 6 377
6 202 403
202 6 403
6 204 358
204 6 358
6 205 351
205 6 351
6 209 296
209 6 296
6 216 228
216 6 228
6 217 134
217 6 134
6 220 155
220 6 155
6 221 366
221 6 366
6 225 280
225 6 280
6 227 307
227 6 307
6 228 195
228 6 195
6 229 158
229 6 158
6 230 170
230 6 170
6 232 254
232 6 254
6 234 58
234 6 58
6 235 78
235 6 78
6 236 276
236 6 276
6 241 307
241 6 307
6 242 412
242 6 412
6 244 191
244 6 191
6 245 230
245 6 230
6 246 162
246 6 162
6 247 317
247 6 317
6 249 266
249 6 266
6 251 200
251 6 200
6 252 101
252 6 101
6 255 97
255 6 97
6 256 291
256 6 291
6 257 66
257 6 66
6 258 378
258 6 378
6 260 310
260 6 310
6 261 212
261 6 212
6 262 149
262 6 149
6 264 103
264 6 103
6 265 320
265 6 320
6 269 252
269 6 252
6 270 285
270 6 285
6 273 44
273 6 44
6 275 259
275 6 259
6 276 394
276 6 394
6 277 231
277 6 231
6 279 223
279 6 223
6 280 343
280 6 343
6 281 44
281 6 44
6 283 172
283 6 172
6 284 180
284 6 180
6 287 129
287 6 129
6 288 124
288 6 124
6 289 274
289 6 274
6 290 247
290 6 247
6 293 273
293 6 273
6 294 191
294 6 191
6 295 129
295 6 129
6 296 80
296 6 80
6 297 343
297 6 343
6 299 177
299 6 177
6 301 264
301 6 264
6 302 140
302 6 140
6 303 180
303 6 180
6 304 274
304 6 274
6 306 128
306 6 128
6 307 74
307 6 74
6 309 412
309 6 412
6 310 92
310 6 92
6 311 142
311 6 142
6 312 61
312 6 61
6 315 91
315 6 91
6 316 118
316 6 118
6 317 373
317 6 373
6 323 87
323 6 87
6 324 167
324 6 167
6 326 346
326 6 346
6 327 423
327 6 423
6 329 302
329 6 302
6 330 319
330 6 319
6 332 115
332 6 115
6 334 443
334 6 443
6 336 184
336 6 184
6 341 201
341 6 201
6 342 386
342 6 386
6 343 152
343 6 152
6 344 65
344 6 65
6 345 110
345 6 110
6 347 398
347 6 398
6 348 301
348 6 301
6 349 394
349 6 394
6 350 113
350 6 113
6 351 375
351 6 375
6 352 327
352 6 327
6 354 349
354 6 349
6 356 278
356 6 278
6 359 96
359 6 96
6 360 133
360 6 133
6 362 158
362 6 158
6 366 244
366 6 244
6 367 379
367 6 379
6 369 124
369 6 124
6 370 262
370 6 262
6 371 296
371 6 296
6 372 163
372 6 163
6 376 163
376 6 163
6 377 51
377 6 51
6 378 154
378 6 154
6 379 272
379 6 272
6 383 32
383 6 32
6 384 238
384 6 238
6 385 260
385 6 260
6 388 199
388 6 199
6 389 258
389 6 258
6 392 76
392 6 76
6 394 327
394 6 327
6 397 258
397 6 258
6 398 95
398 6 95
6 400 148
400 6 148
6 402 65
402 6 65
6 404 431
404 6 431
6 405 174
405 6 174
6 406 409
406 6 409
6 407 333
407 6 333
6 409 433
409 6 433
6 410 395
410 6 395
6 412 134
412 6 134
6 413 215
413 6 215
6 414 215
414 6 215
6 415 310
415 6 310
6 416 193
416 6 193
6 417 194
417 6 194
6 418 207
418 6 207
6 421 324
421 6 324
6 422 338
422 6 338
6 423 320
423 6 320
6 424 343
424 6 343
6 425 353
425 6 353
6 426 148
426 6 148
6 427 183
427 6 183
6 430 267
430 6 267
6 432 432
432 6 432
6 434 84
434 6 84
6 435 405
435 6 405
6 436 327
436 6 327
6 442 288
442 6 288
6 445 65
445 6 65
6 447 58
447 6 58
6 448 414
448 6 414
6 451 414
451 6 414
6 452 145
452 6 145
6 455 307
455 6 307
6 456 256
456 6 256
6 458 112
458 6 112
6 461 297
461 6 297
6 465 280
465 6 280
6 466 343
466 6 343
6 468 389
468 6 389
6 469 282
469 6 282
6 470 208
470 6 208
6 474 403
474 6 403
6 477 250
477 6 250
6 478 67
478 6 67
6 480 375
480 6 375
6 483 261
483 6 261
6 484 371
484 6 371
6 486 138
486 6 138
6 490 411
490 6 411
6 492 361
492 6 361
6 494 387
494 6 387
6 496 345
496 6 345
6 497 34
497 6 34
6 498 119
498 6 119
6 499 329
499 6 329
7 8 185
8 7 185
7 11 417
11 7 417
7 13 128
13 7 128
7 14 133
14 7 133
7 19 390
19 7 390
7 20 300
20 7 300
7 25 107
25 7 107
7 26 356
26 7 356
7 27 164
27 7 164
7 28 436
28 7 436
7 30 68
30 7 68
7 31 489
31 7 489
7 33 143
33 7 143
7 34 543
34 7 543
7 35 106
35 7 106
7 37 273
37 7 273
7 40 321
40 7 321
7 41 370
41 7 370
7 42 327
42 7 327
7 43 372
43 7 372
7 45 138
45 7 138
7 48 218
48 7 218
7 52 46
52 7 46
7 53 126
53 7 126
7 54 227
54 7 227
7 57 393
57 7 393
7 59 477
59 7 477
7 60 337
60 7 337
7 61 72
61 7 72
7 63 345
63 7 345
7 64 402
64 7 402
7 67 319
67 7 319
7 69 113
69 7 113
7 71 241
71 7 241
7 76 159
76 7 159
7 81 260
81 7 260
7 87 77
87 7 77
7 88 322
88 7 322
7 90 437
90 7 437
7 91 185
91 7 185
7 97 151
97 7 151
7 104 278
104 7 278
7 106 95
106 7 95
7 108 351
108 7 351
7 111 384
111 7 384
7 114 100
114 7 100
7 116 229
116 7 229
7 117 270
117 7 270
7 121 177
121 7 177
7 123 359
123 7 359
7 124 368
124 7 368
7 125 130
125 7 130
7 130 511
130 7 511
7 131 66
131 7 66
7 132 474
132 7 474
7 139 410
139 7 410
7 144 349
144 7 349
7 148 431
148 7 431
7 151 331
151 7 331
7 152 349
152 7 349
7 153 365
153 7 365
7 154 71
154 7 71
7 155 346
155 7 346
7 157 251
157 7 251
7 158 173
158 7 173
7 160 84
160 7 84
7 163 413
163 7 413
7 164 408
164 7 408
7 171 190
171 7 190
7 172 330
172 7 330
7 173 307
173 7 307
7 174 156
174 7 156
7 175 499
175 7 499
7 176 235
176 7 235
7 177 263
177 7 263
7 179 403
179 7 403
7 181 493
181 7 493
7 185 88
185 7 88
7 186 205
186 7 205
7 189 308
189 7 308
7 193 395
193 7 395
7 196 371
196 7 371
7 197 204
197 7 204
7 198 348
198 7 348
7 202 467
202 7 467
7 203 252
