448 406
125130
0 2 291
2 0 291
0 3 324
3 0 324
0 4 341
4 0 341
0 8 264
8 0 264
0 10 357
10 0 357
0 15 238
15 0 238
0 17 158
17 0 158
0 23 370
23 0 370
0 24 359
24 0 359
0 25 270
25 0 270
0 28 451
28 0 451
0 29 71
29 0 71
0 31 338
31 0 338
0 33 274
33 0 274
0 34 33
34 0 33
0 35 288
35 0 288
0 38 95
38 0 95
0 39 248
39 0 248
0 40 103
40 0 103
0 41 329
41 0 329
0 43 357
43 0 357
0 44 150
44 0 150
0 46 241
46 0 241
0 47 231
47 0 231
0 48 213
48 0 213
0 51 410
51 0 410
0 57 130
57 0 130
0 58 212
58 0 212
0 59 75
59 0 75
0 61 348
61 0 348
0 63 245
63 0 245
0 64 395
64 0 395
0 66 359
66 0 359
0 70 393
70 0 393
0 74 376
74 0 376
0 78 155
78 0 155
0 83 141
83 0 141
0 85 65
85 0 65
0 89 221
89 0 221
0 90 81
90 0 81
0 98 187
98 0 187
0 99 142
99 0 142
0 100 167
100 0 167
0 101 131
101 0 131
0 104 298
104 0 298
0 105 230
105 0 230
0 107 114
107 0 114
0 108 76
108 0 76
0 110 279
110 0 279
0 112 289
112 0 289
0 115 114
115 0 114
0 116 451
116 0 451
0 119 39
119 0 39
0 128 258
128 0 258
0 129 399
129 0 399
0 130 214
130 0 214
0 131 340
131 0 340
0 132 199
132 0 199
0 135 336
135 0 336
0 136 171
136 0 171
0 137 375
137 0 375
0 138 372
138 0 372
0 139 162
139 0 162
0 140 391
140 0 391
0 143 267
143 0 267
0 144 114
144 0 114
0 145 406
145 0 406
0 146 343
146 0 343
0 149 90
149 0 90
0 151 94
151 0 94
0 153 296
153 0 296
0 154 204
154 0 204
0 155 449
155 0 449
0 156 48
156 0 48
0 157 239
157 0 239
0 160 252
160 0 252
0 161 114
161 0 114
0 162 245
162 0 245
0 163 188
163 0 188
0 164 235
164 0 235
0 170 425
170 0 425
0 172 114
172 0 114
0 174 154
174 0 154
0 177 46
177 0 46
0 178 266
178 0 266
0 179 341
179 0 341
0 180 362
180 0 362
0 182 304
182 0 304
0 185 329
185 0 329
0 186 397
186 0 397
0 189 461
189 0 461
0 190 170
190 0 170
0 192 110
192 0 110
0 194 294
194 0 294
0 196 285
196 0 285
0 197 346
197 0 346
0 200 358
200 0 358
0 201 63
201 0 63
0 202 472
202 0 472
0 204 430
204 0 430
0 206 354
206 0 354
0 208 229
208 0 229
0 212 473
212 0 473
0 215 74
215 0 74
0 218 250
218 0 250
0 221 21
221 0 21
0 222 320
222 0 320
0 223 104
223 0 104
0 224 305
224 0 305
0 226 420
226 0 420
0 229 275
229 0 275
0 231 46
231 0 46
0 238 337
238 0 337
0 239 103
239 0 103
0 240 378
240 0 378
0 242 16
242 0 16
0 246 305
246 0 305
0 253 121
253 0 121
0 254 275
254 0 275
0 256 367
256 0 367
0 258 103
258 0 103
0 259 107
259 0 107
0 260 270
260 0 270
0 262 436
262 0 436
0 268 6
268 0 6
0 269 329
269 0 329
0 271 232
271 0 232
0 274 315
274 0 315
0 276 124
276 0 124
0 284 124
284 0 124
0 287 328
287 0 328
0 289 246
289 0 246
0 294 221
294 0 221
0 296 363
296 0 363
0 298 358
298 0 358
0 299 403
299 0 403
0 300 349
300 0 349
0 302 301
302 0 301
0 304 176
304 0 176
0 306 357
306 0 357
0 307 143
307 0 143
0 308 325
308 0 325
0 309 437
309 0 437
0 311 83
311 0 83
0 312 285
312 0 285
0 314 379
314 0 379
0 316 348
316 0 348
0 317 277
317 0 277
0 319 114
319 0 114
0 320 505
320 0 505
0 323 324
323 0 324
0 327 121
327 0 121
0 330 286
330 0 286
0 332 100
332 0 100
0 334 110
334 0 110
0 336 96
336 0 96
0 340 272
340 0 272
0 342 261
342 0 261
0 343 321
343 0 321
0 344 136
344 0 136
0 347 436
347 0 436
0 353 293
353 0 293
0 354 16
354 0 16
0 355 212
355 0 212
0 357 121
357 0 121
0 358 347
358 0 347
0 360 148
360 0 148
0 362 105
362 0 105
0 363 319
363 0 319
0 364 138
364 0 138
0 366 361
366 0 361
0 370 380
370 0 380
0 371 257
371 0 257
0 373 348
373 0 348
0 374 343
374 0 343
0 376 480
376 0 480
0 377 151
377 0 151
0 378 354
378 0 354
0 381 343
381 0 343
0 383 442
383 0 442
0 387 346
387 0 346
0 388 319
388 0 319
0 390 235
390 0 235
0 391 237
391 0 237
0 392 404
392 0 404
0 396 261
396 0 261
0 397 366
397 0 366
0 399 478
399 0 478
0 400 355
400 0 355
0 401 341
401 0 341
0 405 240
405 0 240
0 406 182
406 0 182
0 407 102
407 0 102
0 410 328
410 0 328
0 411 301
411 0 301
0 412 129
412 0 129
0 413 328
413 0 328
0 415 321
415 0 321
0 416 149
416 0 149
0 418 259
418 0 259
0 419 398
419 0 398
0 422 189
422 0 189
0 423 371
423 0 371
0 428 85
428 0 85
0 430 259
430 0 259
0 435 166
435 0 166
0 437 380
437 0 380
0 438 382
438 0 382
0 439 384
439 0 384
0 441 264
441 0 264
0 442 307
442 0 307
0 444 74
444 0 74
0 445 85
445 0 85
0 446 63
446 0 63
0 447 72
447 0 72
0 450 97
450 0 97
0 452 490
452 0 490
0 456 111
456 0 111
0 457 386
457 0 386
0 458 207
458 0 207
0 464 198
464 0 198
0 465 184
465 0 184
0 468 277
468 0 277
0 470 378
470 0 378
0 471 467
471 0 467
0 472 345
472 0 345
0 473 376
473 0 376
0 474 172
474 0 172
0 475 69
475 0 69
0 476 295
476 0 295
0 477 229
477 0 229
0 478 357
478 0 357
0 480 154
480 0 154
0 481 131
481 0 131
0 482 272
482 0 272
0 484 171
484 0 171
0 485 37
485 0 37
0 486 231
486 0 231
0 491 256
491 0 256
0 492 258
492 0 258
0 496 173
496 0 173
0 497 76
497 0 76
0 498 118
498 0 118
0 499 335
499 0 335
1 3 74
3 1 74
1 6 297
6 1 297
1 7 186
7 1 186
1 8 394
8 1 394
1 16 482
16 1 482
1 18 469
18 1 469
1 19 461
19 1 461
1 22 480
22 1 480
1 26 297
26 1 297
1 28 224
28 1 224
1 29 314
29 1 314
1 36 365
36 1 365
1 37 353
37 1 353
1 41 59
41 1 59
1 45 304
45 1 304
1 46 252
46 1 252
1 48 391
48 1 391
1 52 438
52 1 438
1 53 350
53 1 350
1 54 413
54 1 413
1 55 252
55 1 252
1 56 479
56 1 479
1 57 251
57 1 251
1 58 280
58 1 280
1 59 426
59 1 426
1 63 254
63 1 254
1 64 240
64 1 240
1 65 191
65 1 191
1 66 263
66 1 263
1 69 291
69 1 291
1 70 203
70 1 203
1 71 294
71 1 294
1 72 85
72 1 85
1 77 218
77 1 218
1 78 402
78 1 402
1 79 480
79 1 480
1 82 228
82 1 228
1 83 369
83 1 369
1 86 256
86 1 256
1 87 207
87 1 207
1 88 484
88 1 484
1 94 213
94 1 213
1 97 155
97 1 155
1 99 289
99 1 289
1 103 379
103 1 379
1 104 89
104 1 89
1 110 300
110 1 300
1 112 248
112 1 248
1 113 17
113 1 17
1 114 474
114 1 474
1 116 125
116 1 125
1 117 497
117 1 497
1 118 362
118 1 362
1 122 312
122 1 312
1 130 260
130 1 260
1 131 164
131 1 164
1 132 457
132 1 457
1 134 121
134 1 121
1 139 241
139 1 241
1 140 54
140 1 54
1 141 458
141 1 458
1 145 209
145 1 209
1 148 313
148 1 313
1 149 463
149 1 463
1 150 426
150 1 426
1 152 94
152 1 94
1 153 450
153 1 450
1 154 309
154 1 309
1 156 427
156 1 427
1 159 165
159 1 165
1 160 324
160 1 324
1 163 221
163 1 221
1 164 146
164 1 146
1 165 249
165 1 249
1 170 207
170 1 207
1 175 197
175 1 197
1 176 522
176 1 522
1 184 476
184 1 476
1 185 147
185 1 147
1 187 260
187 1 260
1 188 134
188 1 134
1 189 188
189 1 188
1 190 291
190 1 291
1 191 47
191 1 47
1 192 313
192 1 313
1 193 416
193 1 416
1 194 105
194 1 105
1 195 210
195 1 210
1 196 336
196 1 336
1 204 176
204 1 176
1 205 185
205 1 185
1 206 170
206 1 170
1 208 193
208 1 193
1 212 199
212 1 199
1 215 454
215 1 454
1 216 514
216 1 514
1 217 465
217 1 465
1 219 97
219 1 97
1 220 175
220 1 175
1 221 378
221 1 378
1 231 352
231 1 352
1 232 316
232 1 316
1 233 363
233 1 363
1 234 458
234 1 458
1 236 45
236 1 45
1 238 366
238 1 366
1 239 385
239 1 385
1 241 226
241 1 226
1 242 397
242 1 397
1 246 116
246 1 116
1 247 500
247 1 500
1 250 115
250 1 115
1 251 198
251 1 198
1 252 299
252 1 299
1 253 471
253 1 471
1 254 296
254 1 296
1 255 262
255 1 262
1 256 193
256 1 193
1 260 179
260 1 179
1 264 319
264 1 319
1 265 306
265 1 306
1 267 365
267 1 365
1 269 120
269 1 120
1 270 326
270 1 326
1 271 164
271 1 164
1 272 158
272 1 158
1 274 98
274 1 98
1 275 463
275 1 463
1 276 431
276 1 431
1 278 439
278 1 439
1 282 472
282 1 472
1 283 174
283 1 174
1 285 122
285 1 122
1 290 460
290 1 460
1 291 348
291 1 348
1 293 324
293 1 324
1 294 260
294 1 260
1 297 383
297 1 383
1 298 132
298 1 132
1 300 501
300 1 501
1 302 199
302 1 199
1 303 282
303 1 282
1 304 375
304 1 375
1 306 187
306 1 187
1 307 316
307 1 316
1 308 313
308 1 313
1 309 192
309 1 192
1 310 257
310 1 257
1 314 49
314 1 49
1 316 209
316 1 209
1 318 400
318 1 400
1 319 481
319 1 481
1 320 211
320 1 211
1 321 234
321 1 234
1 322 443
322 1 443
1 325 111
325 1 111
1 327 284
327 1 284
1 329 407
329 1 407
1 330 109
330 1 109
1 331 214
331 1 214
1 332 422
332 1 422
1 335 246
335 1 246
1 336 287
336 1 287
1 339 280
339 1 280
1 343 112
343 1 112
1 346 161
346 1 161
1 347 202
347 1 202
1 349 222
349 1 222
1 350 497
350 1 497
1 351 418
351 1 418
1 352 157
352 1 157
1 353 331
353 1 331
1 356 377
356 1 377
1 357 364
357 1 364
1 359 216
359 1 216
1 362 277
362 1 277
1 363 118
363 1 118
1 364 259
364 1 259
1 368 279
368 1 279
1 372 219
372 1 219
1 375 404
375 1 404
1 376 205
376 1 205
1 378 127
378 1 127
1 379 474
379 1 474
1 383 173
383 1 173
1 387 323
387 1 323
1 388 63
388 1 63
1 391 368
391 1 368
1 393 188
393 1 188
1 394 368
394 1 368
1 395 454
395 1 454
1 396 196
396 1 196
1 398 228
398 1 228
1 403 265
403 1 265
1 404 308
404 1 308
1 408 210
408 1 210
1 415 167
415 1 167
1 416 351
416 1 351
1 417 432
417 1 432
1 422 310
422 1 310
1 426 389
426 1 389
1 427 296
427 1 296
1 430 480
430 1 480
1 431 384
431 1 384
1 432 481
432 1 481
1 433 440
433 1 440
1 434 264
434 1 264
1 435 303
435 1 303
1 438 290
438 1 290
1 439 280
439 1 280
1 444 312
444 1 312
1 445 466
445 1 466
1 447 330
447 1 330
1 450 330
450 1 330
1 451 99
451 1 99
1 452 190
452 1 190
1 454 533
454 1 533
1 456 455
456 1 455
1 457 239
457 1 239
1 459 439
459 1 439
1 461 453
461 1 453
1 463 423
463 1 423
1 466 281
466 1 281
1 467 220
467 1 220
1 469 222
469 1 222
1 470 141
470 1 141
1 472 329
472 1 329
1 473 289
473 1 289
1 474 288
474 1 288
1 475 411
475 1 411
1 478 147
478 1 147
1 479 335
479 1 335
1 483 17
483 1 17
1 485 371
485 1 371
1 490 362
490 1 362
1 496 236
496 1 236
1 499 140
499 1 140
2 4 378
4 2 378
2 5 223
5 2 223
2 6 159
6 2 159
2 7 184
7 2 184
2 10 311
10 2 311
2 16 278
16 2 278
2 17 245
17 2 245
2 18 283
18 2 283
2 19 121
19 2 121
2 21 254
21 2 254
2 23 134
23 2 134
2 25 21
25 2 21
2 29 283
29 2 283
2 30 137
30 2 137
2 32 275
32 2 275
2 36 81
36 2 81
2 38 198
38 2 198
2 41 331
41 2 331
2 42 295
42 2 295
2 43 496
43 2 496
2 44 429
44 2 429
2 47 186
47 2 186
2 50 424
50 2 424
2 53 13
53 2 13
2 57 255
57 2 255
2 59 366
59 2 366
2 60 319
60 2 319
2 63 415
63 2 415
2 65 356
65 2 356
2 66 122
66 2 122
2 67 290
67 2 290
2 68 120
68 2 120
2 71 447
71 2 447
2 73 526
73 2 526
2 77 471
77 2 471
2 78 429
78 2 429
2 79 144
79 2 144
2 81 424
81 2 424
2 82 165
82 2 165
2 89 97
89 2 97
2 90 236
90 2 236
2 91 335
91 2 335
2 93 71
93 2 71
2 95 215
95 2 215
2 97 410
97 2 410
2 98 163
98 2 163
2 99 163
99 2 163
2 100 446
100 2 446
2 103 59
103 2 59
2 108 306
108 2 306
2 109 84
109 2 84
2 112 446
112 2 446
2 113 329
113 2 329
2 114 142
114 2 142
2 115 216
115 2 216
2 116 322
116 2 322
2 117 428
117 2 428
2 118 429
118 2 429
2 120 511
120 2 511
2 121 185
121 2 185
2 123 396
123 2 396
2 124 451
124 2 451
2 126 260
126 2 260
2 127 424
127 2 424
2 129 335
129 2 335
2 131 191
131 2 191
2 132 186
132 2 186
2 133 79
133 2 79
2 134 248
134 2 248
2 136 252
136 2 252
2 138 216
138 2 216
2 142 310
142 2 310
2 144 340
144 2 340
2 146 63
146 2 63
2 147 330
147 2 330
2 148 31
148 2 31
2 149 371
149 2 371
2 152 386
152 2 386
2 154 417
154 2 417
2 155 327
155 2 327
2 156 332
156 2 332
2 157 417
157 2 417
2 158 293
158 2 293
2 159 287
159 2 287
2 160 40
160 2 40
2 161 268
161 2 268
2 163 180
163 2 180
2 164 273
164 2 273
2 166 286
166 2 286
2 167 250
167 2 250
2 169 19
169 2 19
2 170 229
170 2 229
2 171 430
171 2 430
2 173 376
173 2 376
2 175 265
175 2 265
2 176 399
176 2 399
2 178 268
178 2 268
2 179 379
179 2 379
2 185 202
185 2 202
2 186 340
186 2 340
2 187 363
187 2 363
2 188 333
188 2 333
2 192 336
192 2 336
2 195 364
195 2 364
2 201 327
201 2 327
2 203 39
203 2 39
2 204 257
204 2 257
2 214 116
214 2 116
2 216 171
216 2 171
2 218 63
218 2 63
2 222 43
222 2 43
2 223 214
223 2 214
2 228 376
228 2 376
2 229 26
229 2 26
2 232 241
232 2 241
2 233 329
233 2 329
2 235 297
235 2 297
2 236 299
236 2 299
2 240 195
240 2 195
2 241 130
241 2 130
2 243 413
243 2 413
2 245 391
245 2 391
2 247 163
247 2 163
2 248 45
248 2 45
2 250 238
250 2 238
2 251 191
251 2 191
2 252 102
252 2 102
2 255 100
255 2 100
2 256 467
256 2 467
2 258 304
258 2 304
2 259 356
259 2 356
2 262 267
262 2 267
2 263 74
263 2 74
2 268 295
268 2 295
2 271 214
271 2 214
2 272 214
272 2 214
2 282 197
282 2 197
2 283 351
283 2 351
2 285 296
285 2 296
2 286 391
286 2 391
2 287 489
287 2 489
2 288 319
288 2 319
2 289 402
289 2 402
2 292 70
292 2 70
2 301 374
301 2 374
2 303 534
303 2 534
2 304 128
304 2 128
2 305 197
305 2 197
2 306 182
306 2 182
2 309 252
309 2 252
2 311 214
311 2 214
2 315 271
315 2 271
2 316 464
316 2 464
2 317 102
317 2 102
2 318 184
318 2 184
2 321 173
321 2 173
2 322 435
322 2 435
2 324 387
324 2 387
2 325 279
325 2 279
2 326 299
326 2 299
2 328 249
328 2 249
2 329 80
329 2 80
2 331 303
331 2 303
2 332 234
332 2 234
2 336 270
336 2 270
2 338 320
338 2 320
2 339 280
339 2 280
2 340 136
340 2 136
2 342 360
342 2 360
2 343 374
343 2 374
2 344 224
344 2 224
2 345 425
345 2 425
2 352 246
352 2 246
2 353 14
353 2 14
2 354 277
354 2 277
2 356 369
356 2 369
2 357 383
357 2 383
2 360 149
360 2 149
2 361 211
361 2 211
2 362 245
362 2 245
2 364 304
364 2 304
2 365 263
365 2 263
2 368 507
368 2 507
2 370 293
370 2 293
2 374 110
374 2 110
2 375 129
375 2 129
2 377 249
377 2 249
2 379 205
379 2 205
2 380 123
380 2 123
2 381 95
381 2 95
2 383 272
383 2 272
2 385 380
385 2 380
2 387 68
387 2 68
2 388 296
388 2 296
2 389 124
389 2 124
2 391 67
391 2 67
2 393 223
393 2 223
2 394 321
394 2 321
2 395 164
395 2 164
2 396 151
396 2 151
2 399 308
399 2 308
2 401 280
401 2 280
2 402 213
402 2 213
2 407 285
407 2 285
2 410 327
410 2 327
2 412 392
412 2 392
2 413 315
413 2 315
2 417 120
417 2 120
2 420 125
420 2 125
2 427 84
427 2 84
2 428 342
428 2 342
2 431 407
431 2 407
2 432 163
432 2 163
2 436 8
436 2 8
2 437 337
437 2 337
2 438 127
438 2 127
2 439 530
439 2 530
2 441 125
441 2 125
2 443 394
443 2 394
2 444 286
444 2 286
2 446 353
446 2 353
2 447 224
447 2 224
2 450 339
450 2 339
2 455 466
455 2 466
2 456 265
456 2 265
2 460 141
460 2 141
2 461 364
461 2 364
2 462 396
462 2 396
2 464 191
464 2 191
2 466 66
466 2 66
2 468 368
468 2 368
2 469 129
469 2 129
2 470 234
470 2 234
2 473 121
473 2 121
2 474 131
474 2 131
2 477 118
477 2 118
2 479 123
479 2 123
2 480 313
480 2 313
2 488 160
488 2 160
2 489 112
489 2 112
2 491 44
491 2 44
2 492 302
492 2 302
2 493 107
493 2 107
2 494 149
494 2 149
2 497 219
497 2 219
2 499 209
499 2 209
3 5 169
5 3 169
3 10 41
10 3 41
3 11 59
11 3 59
3 16 415
16 3 415
3 25 264
25 3 264
3 27 350
27 3 350
3 28 194
28 3 194
3 29 261
29 3 261
3 31 100
31 3 100
3 32 4
32 3 4
3 35 230
35 3 230
3 36 291
36 3 291
3 37 287
37 3 287
3 38 259
38 3 259
3 41 70
41 3 70
3 45 230
45 3 230
3 46 243
46 3 243
3 49 272
49 3 272
3 50 169
50 3 169
3 52 389
52 3 389
3 56 423
56 3 423
3 57 196
57 3 196
3 58 262
58 3 262
3 59 377
59 3 377
3 62 322
62 3 322
3 64 188
64 3 188
3 65 175
65 3 175
3 66 201
66 3 201
3 72 68
72 3 68
3 73 307
73 3 307
3 74 213
74 3 213
3 76 117
76 3 117
3 77 244
77 3 244
3 79 405
79 3 405
3 83 335
83 3 335
3 84 190
84 3 190
3 86 206
86 3 206
3 87 231
87 3 231
3 88 427
88 3 427
3 89 314
89 3 314
3 91 84
91 3 84
3 97 176
97 3 176
3 99 218
99 3 218
3 101 261
101 3 261
3 103 309
103 3 309
3 105 112
105 3 112
3 107 416
107 3 416
3 108 389
108 3 389
3 109 335
109 3 335
3 110 299
110 3 299
3 111 470
111 3 470
3 112 253
112 3 253
3 114 399
114 3 399
3 115 348
115 3 348
3 116 135
116 3 135
3 118 336
118 3 336
3 122 248
122 3 248
3 123 431
123 3 431
3 125 222
125 3 222
3 126 90
126 3 90
3 127 227
127 3 227
3 128 83
128 3 83
3 130 243
130 3 243
3 133 286
133 3 286
3 134 56
134 3 56
3 136 155
136 3 155
3 138 111
138 3 111
3 140 66
140 3 66
3 141 391
141 3 391
3 143 383
143 3 383
3 144 432
144 3 432
3 145 165
145 3 165
3 146 326
146 3 326
3 147 59
147 3 59
3 148 240
148 3 240
3 149 410
149 3 410
3 153 376
153 3 376
3 156 371
156 3 371
3 160 250
160 3 250
3 161 215
161 3 215
3 162 82
162 3 82
3 163 150
163 3 150
3 164 100
164 3 100
3 167 148
167 3 148
3 168 69
168 3 69
3 169 264
169 3 264
3 171 469
171 3 469
3 172 211
172 3 211
3 176 466
176 3 466
3 177 353
177 3 353
3 178 64
178 3 64
3 179 123
179 3 123
3 180 138
180 3 138
3 181 286
181 3 286
3 182 413
182 3 413
3 183 179
183 3 179
3 184 414
184 3 414
3 188 120
188 3 120
3 189 173
189 3 173
3 190 219
190 3 219
3 192 271
192 3 271
3 194 32
194 3 32
3 196 263
196 3 263
3 198 280
198 3 280
3 203 285
203 3 285
3 207 101
207 3 101
3 214 167
214 3 167
3 216 440
216 3 440
3 220 113
220 3 113
3 221 318
221 3 318
3 223 226
223 3 226
3 224 336
224 3 336
3 225 436
225 3 436
3 227 172
227 3 172
3 228 388
228 3 388
3 229 285
229 3 285
3 234 404
234 3 404
3 235 51
235 3 51
3 236 31
236 3 31
3 238 296
238 3 296
3 239 343
239 3 343
3 241 151
241 3 151
3 242 339
242 3 339
3 248 316
248 3 316
3 253 423
253 3 423
3 256 226
256 3 226
3 257 204
257 3 204
3 258 408
258 3 408
3 260 105
260 3 105
3 261 182
261 3 182
3 263 344
263 3 344
3 264 247
264 3 247
3 265 236
265 3 236
3 267 313
267 3 313
3 268 331
268 3 331
3 269 143
269 3 143
3 270 260
270 3 260
3 273 76
273 3 76
3 274 25
274 3 25
3 275 391
275 3 391
3 276 390
276 3 390
3 280 368
280 3 368
3 281 163
281 3 163
3 282 399
282 3 399
3 291 280
291 3 280
3 292 299
292 3 299
3 293 253
293 3 253
3 294 185
294 3 185
3 295 145
295 3 145
3 297 311
297 3 311
3 299 205
299 3 205
3 300 427
300 3 427
3 301 337
301 3 337
3 305 388
305 3 388
3 306 130
306 3 130
3 307 283
307 3 283
3 308 244
308 3 244
3 310 229
310 3 229
3 312 212
312 3 212
3 313 33
313 3 33
3 314 108
314 3 108
3 316 235
316 3 235
3 317 358
317 3 358
3 318 329
318 3 329
3 320 208
320 3 208
3 324 136
324 3 136
3 325 95
325 3 95
3 326 224
326 3 224
3 327 241
327 3 241
3 328 132
328 3 132
3 331 203
331 3 203
3 332 354
332 3 354
3 338 183
338 3 183
3 342 159
342 3 159
3 344 372
344 3 372
3 348 184
348 3 184
3 350 423
350 3 423
3 351 350
351 3 350
3 354 322
354 3 322
3 355 154
355 3 154
3 356 334
356 3 334
3 357 326
357 3 326
3 358 158
358 3 158
3 360 231
360 3 231
3 366 297
366 3 297
3 367 347
367 3 347
3 376 193
376 3 193
3 378 161
378 3 161
3 379 401
379 3 401
3 384 32
384 3 32
3 385 276
385 3 276
3 386 312
386 3 312
3 388 33
388 3 33
3 389 277
389 3 277
3 390 393
390 3 393
3 391 294
391 3 294
3 393 125
393 3 125
3 396 122
396 3 122
3 399 179
399 3 179
3 401 17
401 3 17
3 404 234
404 3 234
3 405 153
405 3 153
3 407 396
407 3 396
3 413 50
413 3 50
3 414 347
414 3 347
3 416 279
416 3 279
3 419 171
419 3 171
3 421 290
421 3 290
3 422 236
422 3 236
3 423 238
423 3 238
3 425 167
425 3 167
3 426 319
426 3 319
3 427 229
427 3 229
3 428 302
428 3 302
3 429 108
429 3 108
3 432 406
432 3 406
3 435 231
435 3 231
3 439 307
439 3 307
3 441 371
441 3 371
3 442 207
442 3 207
3 450 287
450 3 287
3 452 189
452 3 189
3 453 179
453 3 179
3 455 296
455 3 296
3 456 388
456 3 388
3 457 185
457 3 185
3 458 363
458 3 363
3 461 399
461 3 399
3 462 343
462 3 343
3 463 355
463 3 355
3 465 189
465 3 189
3 466 207
466 3 207
3 467 254
467 3 254
3 468 156
468 3 156
3 471 173
471 3 173
3 472 261
472 3 261
3 474 215
474 3 215
3 475 362
475 3 362
3 477 343
477 3 343
3 479 262
479 3 262
3 483 62
483 3 62
3 485 309
485 3 309
3 488 166
488 3 166
3 489 286
489 3 286
3 491 235
491 3 235
3 494 122
494 3 122
4 6 290
6 4 290
4 7 197
7 4 197
4 9 252
9 4 252
4 13 255
13 4 255
4 15 480
15 4 480
4 16 459
16 4 459
4 18 443
18 4 443
4 20 193
20 4 193
4 23 324
23 4 324
4 25 368
25 4 368
4 26 315
26 4 315
4 28 309
28 4 309
4 30 322
30 4 322
4 31 223
31 4 223
4 32 120
32 4 120
4 34 349
34 4 349
4 35 133
35 4 133
4 36 380
36 4 380
4 39 453
39 4 453
4 40 305
40 4 305
4 45 337
45 4 337
4 46 167
46 4 167
4 47 481
47 4 481
4 49 378
49 4 378
4 50 47
50 4 47
4 51 181
51 4 181
4 52 383
52 4 383
4 54 380
54 4 380
4 56 434
56 4 434
4 57 215
57 4 215
4 59 372
59 4 372
4 60 82
60 4 82
4 62 414
62 4 414
4 63 168
63 4 168
4 64 311
64 4 311
4 68 483
68 4 483
4 70 277
70 4 277
4 71 206
71 4 206
4 73 191
73 4 191
4 75 302
75 4 302
4 76 32
76 4 32
4 77 127
77 4 127
4 80 256
80 4 256
4 89 401
89 4 401
4 90 275
90 4 275
4 91 138
91 4 138
4 93 320
93 4 320
4 94 244
94 4 244
4 95 212
95 4 212
4 96 321
96 4 321
4 97 62
97 4 62
4 98 237
98 4 237
4 99 282
99 4 282
4 102 399
102 4 399
4 105 118
105 4 118
4 106 227
106 4 227
4 107 405
107 4 405
4 113 91
113 4 91
4 117 439
117 4 439
4 119 310
119 4 310
4 121 244
121 4 244
4 122 369
122 4 369
4 123 430
123 4 430
4 125 156
125 4 156
4 126 127
126 4 127
4 131 226
131 4 226
4 133 376
133 4 376
4 134 130
134 4 130
4 136 178
136 4 178
4 138 232
138 4 232
4 140 144
140 4 144
4 141 433
141 4 433
4 143 473
143 4 473
4 146 437
146 4 437
4 147 83
147 4 83
4 148 348
148 4 348
4 150 457
150 4 457
4 152 8
152 4 8
4 153 473
153 4 473
4 155 209
155 4 209
4 158 107
158 4 107
4 162 161
162 4 161
4 163 219
163 4 219
4 165 191
165 4 191
4 166 196
166 4 196
4 167 261
167 4 261
4 168 140
168 4 140
4 169 368
169 4 368
4 174 242
174 4 242
4 175 162
175 4 162
4 179 1
179 4 1
4 183 271
183 4 271
4 184 440
184 4 440
4 186 117
186 4 117
4 188 72
188 4 72
4 190 295
190 4 295
4 194 136
194 4 136
4 200 308
200 4 308
4 201 301
201 4 301
4 202 284
202 4 284
4 204 261
204 4 261
4 206 80
206 4 80
4 213 206
213 4 206
4 216 540
216 4 540
4 218 399
218 4 399
4 219 145
219 4 145
4 222 422
222 4 422
4 223 266
223 4 266
4 224 440
224 4 440
4 225 442
225 4 442
4 228 382
228 4 382
4 229 388
229 4 388
4 230 59
230 4 59
4 232 285
232 4 285
4 233 311
233 4 311
4 234 409
234 4 409
4 235 140
235 4 140
4 237 399
237 4 399
4 238 410
238 4 410
4 239 322
239 4 322
4 242 357
242 4 357
4 243 368
243 4 368
4 249 432
249 4 432
4 250 142
250 4 142
4 251 199
251 4 199
4 255 314
255 4 314
4 256 104
256 4 104
4 257 251
257 4 251
4 258 440
258 4 440
4 260 213
260 4 213
4 261 279
261 4 279
4 262 258
262 4 258
4 266 156
266 4 156
4 267 317
267 4 317
4 271 168
271 4 168
4 272 230
272 4 230
4 274 146
274 4 146
4 276 367
276 4 367
4 277 294
277 4 294
4 279 77
279 4 77
4 281 109
281 4 109
4 287 181
287 4 181
4 293 316
293 4 316
4 294 279
294 4 279
4 296 304
296 4 304
4 299 328
299 4 328
4 300 528
300 4 528
4 301 317
301 4 317
4 303 192
303 4 192
4 305 456
305 4 456
4 306 253
306 4 253
4 307 248
307 4 248
4 308 359
308 4 359
4 312 322
312 4 322
4 314 53
314 4 53
4 315 256
315 4 256
4 316 118
316 4 118
4 317 454
317 4 454
4 318 390
318 4 390
4 319 450
319 4 450
4 321 305
321 4 305
4 322 375
322 4 375
4 323 474
323 4 474
4 326 218
326 4 218
4 330 133
330 4 133
4 332 401
332 4 401
4 334 440
334 4 440
4 337 309
337 4 309
4 338 157
338 4 157
4 342 91
342 4 91
4 343 24
343 4 24
4 344 427
344 4 427
4 345 481
345 4 481
4 346 204
346 4 204
4 347 285
347 4 285
4 349 265
349 4 265
4 352 239
352 4 239
4 355 241
355 4 241
4 356 316
356 4 316
4 357 297
357 4 297
4 359 125
359 4 125
4 360 299
360 4 299
4 361 242
361 4 242
4 362 244
362 4 244
4 365 239
365 4 239
4 366 183
366 4 183
4 368 187
368 4 187
4 369 162
369 4 162
4 370 150
370 4 150
4 373 12
373 4 12
4 375 410
375 4 410
4 376 296
376 4 296
4 377 198
377 4 198
4 379 470
379 4 470
4 382 134
382 4 134
4 384 91
384 4 91
4 385 233
385 4 233
4 386 377
386 4 377
4 387 373
387 4 373
4 388 89
388 4 89
4 389 353
389 4 353
4 390 473
390 4 473
4 392 285
392 4 285
4 393 176
393 4 176
4 397 304
397 4 304
4 398 175
398 4 175
4 402 247
402 4 247
4 403 333
403 4 333
4 404 332
404 4 332
4 406 200
406 4 200
4 409 266
409 4 266
4 411 112
411 4 112
4 412 302
412 4 302
4 413 73
413 4 73
4 415 74
415 4 74
4 420 468
420 4 468
4 421 385
421 4 385
4 424 356
424 4 356
4 426 431
426 4 431
4 430 490
430 4 490
4 431 315
431 4 315
4 433 450
433 4 450
4 435 306
435 4 306
4 438 352
438 4 352
4 439 189
439 4 189
4 441 462
441 4 462
4 442 102
442 4 102
4 445 421
445 4 421
4 448 253
448 4 253
4 449 252
449 4 252
4 451 78
451 4 78
4 452 282
452 4 282
4 453 77
453 4 77
4 454 477
454 4 477
4 458 440
458 4 440
4 460 362
460 4 362
4 461 403
461 4 403
4 462 313
462 4 313
4 463 406
463 4 406
4 464 204
464 4 204
4 466 312
466 4 312
4 469 273
469 4 273
4 470 217
470 4 217
4 472 378
472 4 378
4 473 350
473 4 350
4 474 291
474 4 291
4 475 356
475 4 356
4 476 190
476 4 190
4 477 429
477 4 429
4 478 58
478 4 58
4 481 234
481 4 234
4 482 487
482 4 487
4 483 84
483 4 84
4 484 421
484 4 421
4 485 340
485 4 340
4 488 241
488 4 241
4 489 367
489 4 367
4 491 338
491 4 338
4 492 90
492 4 90
4 493 359
493 4 359
4 494 236
494 4 236
4 496 231
496 4 231
4 497 352
497 4 352
4 498 340
498 4 340
5 7 78
7 5 78
5 8 235
8 5 235
5 11 178
11 5 178
5 12 163
12 5 163
5 13 132
13 5 132
5 14 249
14 5 249
5 16 253
16 5 253
5 17 251
17 5 251
5 18 239
18 5 239
5 19 301
19 5 301
5 20 64
20 5 64
5 24 248
24 5 248
5 26 140
26 5 140
5 27 199
27 5 199
5 28 309
28 5 309
5 29 98
29 5 98
5 30 120
30 5 120
5 31 191
31 5 191
5 33 234
33 5 234
5 39 257
39 5 257
5 41 184
41 5 184
5 45 186
45 5 186
5 47 275
47 5 275
5 49 219
49 5 219
5 50 243
50 5 243
5 51 255
51 5 255
5 52 227
52 5 227
5 53 220
53 5 220
5 54 182
54 5 182
5 55 302
55 5 302
5 56 254
56 5 254
5 58 181
58 5 181
5 62 226
62 5 226
5 68 298
68 5 298
5 69 197
69 5 197
5 70 253
70 5 253
5 72 230
72 5 230
5 74 270
74 5 270
5 75 165
75 5 165
5 77 264
77 5 264
5 79 312
79 5 312
5 81 216
81 5 216
5 82 244
82 5 244
5 83 200
83 5 200
5 89 208
89 5 208
5 94 128
94 5 128
5 98 61
98 5 61
5 100 317
100 5 317
5 101 117
101 5 117
5 104 155
104 5 155
5 105 91
105 5 91
5 107 254
107 5 254
5 117 286
117 5 286
5 120 296
120 5 296
5 121 209
121 5 209
5 122 265
122 5 265
5 123 265
123 5 265
5 124 229
124 5 229
5 125 163
125 5 163
5 127 208
127 5 208
5 128 106
128 5 106
5 129 245
129 5 245
5 130 169
130 5 169
5 131 194
131 5 194
5 133 188
133 5 188
5 137 221
137 5 221
5 139 36
139 5 36
5 141 228
141 5 228
5 142 297
142 5 297
5 144 263
144 5 263
5 145 265
145 5 265
5 146 285
146 5 285
5 147 209
147 5 209
5 149 243
149 5 243
5 150 284
150 5 284
5 151 154
151 5 154
5 152 217
152 5 217
5 153 287
153 5 287
5 154 196
154 5 196
5 156 203
156 5 203
5 157 194
157 5 194
5 159 86
159 5 86
5 162 90
162 5 90
5 165 96
165 5 96
5 166 64
166 5 64
5 167 277
167 5 277
5 168 100
168 5 100
5 169 206
169 5 206
5 170 282
170 5 282
5 174 41
174 5 41
5 176 297
176 5 297
5 180 232
180 5 232
5 182 314
182 5 314
5 186 244
186 5 244
5 189 312
189 5 312
5 190 101
190 5 101
5 191 204
191 5 204
5 192 130
192 5 130
5 197 212
197 5 212
5 198 195
198 5 195
5 202 322
202 5 322
5 203 212
203 5 212
5 205 68
205 5 68
5 206 249
206 5 249
5 207 107
207 5 107
5 209 169
209 5 169
5 211 263
211 5 263
5 214 191
214 5 191
5 215 224
215 5 224
5 216 355
216 5 355
5 217 240
217 5 240
5 218 217
218 5 217
5 219 160
219 5 160
5 221 149
221 5 149
5 223 59
223 5 59
5 224 268
224 5 268
5 226 265
226 5 265
5 229 221
229 5 221
5 233 154
233 5 154
5 237 267
237 5 267
5 238 266
238 5 266
5 239 193
239 5 193
5 244 118
244 5 118
5 249 226
249 5 226
5 251 56
251 5 56
5 252 126
252 5 126
5 253 261
253 5 261
5 254 241
254 5 241
5 257 41
257 5 41
5 259 261
259 5 261
5 261 328
261 5 328
5 262 286
262 5 286
5 264 115
264 5 115
5 265 223
265 5 223
5 266 149
266 5 149
5 267 148
267 5 148
5 268 161
268 5 161
5 273 242
273 5 242
5 274 160
274 5 160
5 275 243
275 5 243
5 277 88
277 5 88
5 278 207
278 5 207
5 279 133
279 5 133
5 281 136
281 5 136
5 288 217
288 5 217
5 290 285
290 5 285
5 291 269
291 5 269
5 294 118
294 5 118
5 295 131
295 5 131
5 298 238
298 5 238
5 300 346
300 5 346
5 303 322
303 5 322
5 311 147
311 5 147
5 313 171
313 5 171
5 314 237
314 5 237
5 315 79
315 5 79
5 316 259
316 5 259
5 319 249
319 5 249
5 320 354
320 5 354
5 322 256
322 5 256
5 323 299
323 5 299
5 324 210
324 5 210
5 325 250
325 5 250
5 327 102
327 5 102
5 328 47
328 5 47
5 330 131
330 5 131
5 339 73
339 5 73
5 340 139
340 5 139
5 341 261
341 5 261
5 342 153
342 5 153
5 344 218
344 5 218
5 347 291
347 5 291
5 350 340
350 5 340
5 355 86
355 5 86
5 357 185
357 5 185
5 358 226
358 5 226
5 359 267
359 5 267
5 361 33
361 5 33
5 362 50
362 5 50
5 367 200
367 5 200
5 368 290
368 5 290
5 375 209
375 5 209
5 377 26
377 5 26
5 379 261
379 5 261
5 382 89
382 5 89
5 383 292
383 5 292
5 384 179
384 5 179
5 388 168
388 5 168
5 389 152
389 5 152
5 394 154
394 5 154
5 395 255
395 5 255
5 396 123
396 5 123
5 397 238
397 5 238
5 398 79
398 5 79
5 400 275
400 5 275
5 401 186
401 5 186
5 402 236
402 5 236
5 404 165
404 5 165
5 408 252
408 5 252
5 410 182
410 5 182
5 412 193
412 5 193
5 415 216
415 5 216
5 418 251
418 5 251
5 421 203
421 5 203
5 422 130
422 5 130
5 423 276
423 5 276
5 428 150
428 5 150
5 430 289
430 5 289
5 431 210
431 5 210
5 432 296
432 5 296
5 436 225
436 5 225
5 438 268
438 5 268
5 440 57
440 5 57
5 441 268
441 5 268
5 442 216
442 5 216
5 444 97
444 5 97
5 445 240
445 5 240
5 446 208
446 5 208
5 447 99
447 5 99
5 448 77
448 5 77
5 450 140
450 5 140
5 451 139
451 5 139
5 453 199
453 5 199
5 455 243
455 5 243
5 456 225
456 5 225
5 457 255
457 5 255
5 459 213
459 5 213
5 467 291
467 5 291
5 468 166
468 5 166
5 470 227
470 5 227
5 472 254
472 5 254
5 475 199
475 5 199
5 476 250
476 5 250
5 478 242
478 5 242
5 481 26
481 5 26
5 482 290
482 5 290
5 489 169
489 5 169
5 491 178
491 5 178
5 492 119
492 5 119
5 494 149
494 5 149
5 496 45
496 5 45
5 498 216
498 5 216
5 499 184
499 5 184
6 7 112
7 6 112
6 10 266
10 6 266
6 11 250
11 6 250
6 13 180
13 6 180
6 14 176
14 6 176
6 17 179
17 6 179
6 19 218
19 6 218
6 21 147
21 6 147
6 22 224
22 6 224
6 24 217
24 6 217
6 25 138
25 6 138
6 28 316
28 6 316
6 30 34
30 6 34
6 31 209
31 6 209
6 33 157
33 6 157
6 34 119
34 6 119
6 36 109
36 6 109
6 40 212
40 6 212
6 41 258
41 6 258
6 43 369
43 6 369
6 48 120
48 6 120
6 50 328
50 6 328
6 54 145
54 6 145
6 55 388
55 6 388
6 56 230
56 6 230
6 57 106
57 6 106
6 58 255
58 6 255
6 64 255
64 6 255
6 65 228
65 6 228
6 66 217
66 6 217
6 71 300
71 6 300
6 75 128
75 6 128
6 76 262
76 6 262
6 81 303
81 6 303
6 82 238
82 6 238
6 84 238
84 6 238
6 85 203
85 6 203
6 87 340
87 6 340
6 88 230
88 6 230
6 90 77
90 6 77
6 91 310
91 6 310
6 92 269
92 6 269
6 94 123
94 6 123
6 96 169
96 6 169
6 97 301
97 6 301
6 98 63
98 6 63
6 99 8
99 6 8
6 100 307
100 6 307
6 102 130
102 6 130
6 104 232
104 6 232
6 105 174
105 6 174
6 106 315
106 6 315
6 107 255
107 6 255
6 108 182
108 6 182
6 109 162
109 6 162
6 110 324
110 6 324
6 111 290
111 6 290
6 112 310
112 6 310
6 115 122
115 6 122
6 117 283
117 6 283
6 119 105
119 6 105
6 121 219
121 6 219
6 128 145
128 6 145
6 129 304
129 6 304
6 130 246
130 6 246
6 133 106
133 6 106
6 135 212
135 6 212
6 136 120
136 6 120
6 137 258
137 6 258
6 138 244
138 6 244
6 140 288
140 6 288
6 141 170
141 6 170
6 143 192
143 6 192
6 145 270
145 6 270
6 148 145
148 6 145
6 157 273
157 6 273
6 159 171
159 6 171
6 163 76
163 6 76
6 164 170
164 6 170
6 165 170
165 6 170
6 166 139
166 6 139
6 169 140
169 6 140
6 174 48
174 6 48
6 175 137
175 6 137
6 178 186
178 6 186
6 180 313
180 6 313
6 181 314
181 6 314
6 182 229
182 6 229
6 183 77
183 6 77
6 184 203
184 6 203
6 186 305
186 6 305
6 190 29
190 6 29
6 191 261
191 6 261
6 192 178
192 6 178
6 193 184
193 6 184
6 196 152
196 6 152
6 197 208
197 6 208
6 200 217
200 6 217
6 201 168
201 6 168
6 202 343
202 6 343
6 208 109
208 6 109
6 209 175
209 6 175
6 210 224
210 6 224
6 216 271
216 6 271
6 218 137
218 6 137
6 219 210
219 6 210
6 220 206
220 6 206
6 224 192
224 6 192
6 226 305
226 6 305
6 227 160
227 6 160
6 228 226
228 6 226
6 229 149
229 6 149
6 231 95
231 6 95
6 233 171
233 6 171
6 235 272
235 6 272
6 236 257
236 6 257
6 237 213
237 6 213
6 238 206
238 6 206
6 241 100
241 6 100
6 244 57
244 6 57
6 247 246
247 6 246
6 250 182
250 6 182
6 253 262
253 6 262
6 254 319
254 6 319
6 255 187
255 6 187
6 256 355
256 6 355
6 257 50
257 6 50
6 258 193
258 6 193
6 265 177
265 6 177
6 268 147
268 6 147
6 270 53
270 6 53
6 272 241
272 6 241
6 275 166
275 6 166
6 276 256
276 6 256
6 279 213
279 6 213
6 280 154
280 6 154
6 281 222
281 6 222
6 282 180
282 6 180
6 283 229
283 6 229
6 285 311
285 6 311
6 286 258
286 6 258
6 290 199
290 6 199
6 291 216
291 6 216
6 292 126
292 6 126
6 293 27
293 6 27
6 294 80
294 6 80
6 296 223
296 6 223
6 297 87
297 6 87
6 298 323
298 6 323
6 299 262
299 6 262
6 303 407
303 6 407
6 304 89
304 6 89
6 305 166
305 6 166
6 308 185
308 6 185
6 310 208
310 6 208
6 313 238
313 6 238
6 315 112
315 6 112
6 318 103
318 6 103
6 321 251
321 6 251
6 324 293
324 6 293
6 329 162
329 6 162
6 330 188
330 6 188
6 336 112
336 6 112
6 338 181
338 6 181
6 340 137
340 6 137
6 344 146
344 6 146
6 346 168
346 6 168
6 347 302
347 6 302
6 349 152
349 6 152
6 350 256
350 6 256
6 355 80
355 6 80
6 356 210
356 6 210
6 357 224
357 6 224
6 361 60
361 6 60
6 366 382
366 6 382
6 371 186
371 6 186
6 373 301
373 6 301
6 374 202
374 6 202
6 375 123
375 6 123
6 377 108
377 6 108
6 379 179
379 6 179
6 381 231
381 6 231
6 385 224
385 6 224
6 386 87
386 6 87
6 387 207
387 6 207
6 388 235
388 6 235
6 389 66
389 6 66
6 391 123
391 6 123
6 392 268
392 6 268
6 393 114
393 6 114
6 394 165
394 6 165
6 398 160
398 6 160
6 400 361
400 6 361
6 402 251
402 6 251
6 404 103
404 6 103
6 406 90
406 6 90
6 409 188
409 6 188
6 410 256
410 6 256
6 411 301
411 6 301
6 418 166
418 6 166
6 419 261
419 6 261
6 421 124
421 6 124
6 422 54
422 6 54
6 424 135
424 6 135
6 426 216
426 6 216
6 429 270
429 6 270
6 430 202
430 6 202
6 433 163
433 6 163
6 435 29
435 6 29
6 436 164
436 6 164
6 437 293
437 6 293
6 438 241
438 6 241
6 439 402
439 6 402
6 441 183
441 6 183
6 442 302
442 6 302
6 447 70
447 6 70
6 449 39
449 6 39
6 452 364
452 6 364
6 458 150
458 6 150
6 460 72
460 6 72
6 461 221
461 6 221
6 462 237
462 6 237
6 463 130
463 6 130
6 466 120
466 6 120
6 467 378
467 6 378
6 468 252
468 6 252
6 469 177
469 6 177
6 472 206
472 6 206
6 473 234
473 6 234
6 474 30
474 6 30
6 475 206
475 6 206
6 477 146
477 6 146
6 478 328
478 6 328
6 481 69
481 6 69
6 482 204
482 6 204
6 483 281
483 6 281
6 485 110
485 6 110
6 487 141
487 6 141
6 491 119
491 6 119
6 493 229
493 6 229
6 494 153
494 6 153
6 497 89
497 6 89
6 499 211
499 6 211
7 11 146
11 7 146
7 12 105
12 7 105
7 13 208
13 7 208
7 14 220
14 7 220
7 15 289
15 7 289
7 19 287
19 7 287
7 24 181
24 7 181
7 27 277
27 7 277
7 29 175
29 7 175
7 34 215
34 7 215
7 35 248
35 7 248
7 36 184
36 7 184
7 38 149
38 7 149
7 41 156
41 7 156
7 42 283
42 7 283
7 44 315
44 7 315
7 45 143
45 7 143
7 46 237
46 7 237
7 49 183
49 7 183
7 54 246
54 7 246
7 56 325
56 7 325
7 57 116
57 7 116
7 59 290
59 7 290
7 60 134
60 7 134
7 61 272
61 7 272
7 62 217
62 7 217
7 64 187
64 7 187
7 66 169
66 7 169
7 69 144
69 7 144
7 70 174
70 7 174
7 71 279
71 7 279
7 72 163
72 7 163
7 74 277
74 7 277
7 75 112
75 7 112
7 76 174
76 7 174
7 77 287
77 7 287
7 78 309
78 7 309
7 80 174
80 7 174
7 81 240
81 7 240
7 82 168
82 7 168
7 83 276
83 7 276
7 91 197
91 7 197
7 92 335
92 7 335
7 93 138
93 7 138
7 97 225
97 7 225
7 100 392
100 7 392
7 101 147
101 7 147
7 103 235
103 7 235
7 105 100
105 7 100
7 111 378
111 7 378
7 112 267
112 7 267
7 116 227
116 7 227
7 117 362
117 7 362
7 118 290
118 7 290
7 119 187
119 7 187
7 120 329
120 7 329
7 121 130
121 7 130
7 122 201
122 7 201
7 125 212
125 7 212
7 126 75
126 7 75
7 128 33
128 7 33
7 130 224
130 7 224
7 132 271
132 7 271
7 135 109
135 7 109
7 136 88
136 7 88
7 139 65
139 7 65
7 142 225
142 7 225
7 143 277
143 7 277
7 145 187
145 7 187
7 146 246
146 7 246
7 147 167
147 7 167
7 149 316
149 7 316
7 150 260
150 7 260
7 151 200
151 7 200
7 154 261
154 7 261
7 155 226
155 7 226
7 158 108
158 7 108
7 159 105
159 7 105
7 161 135
161 7 135
7 163 39
163 7 39
7 165 162
165 7 162
7 166 134
166 7 134
7 167 199
167 7 199
7 169 172
169 7 172
7 171 378
171 7 378
7 173 284
173 7 284
7 177 248
177 7 248
7 179 198
179 7 198
7 181 286
181 7 286
7 183 73
183 7 73
7 187 202
187 7 202
7 190 105
190 7 105
7 192 206
192 7 206
7 193 268
193 7 268
7 196 176
196 7 176
7 198 178
198 7 178
7 200 160
200 7 160
7 202 246
202 7 246
7 204 204
204 7 204
7 206 258
206 7 258
7 207 108
207 7 108
7 210 316
210 7 316
7 211 199
211 7 199
7 212 247
212 7 247
7 220 115
220 7 115
7 221 217
221 7 217
7 222 228
222 7 228
7 223 122
223 7 122
7 224 243
224 7 243
7 228 301
228 7 301
7 230 203
230 7 203
7 231 187
231 7 187
7 235 159
235 7 159
7 237 216
237 7 216
7 238 221
238 7 221
7 239 271
239 7 271
7 242 240
242 7 240
7 243 317
243 7 317
7 250 71
250 7 71
7 251 21
251 7 21
7 252 115
252 7 115
7 254 293
254 7 293
7 255 146
255 7 146
7 262 210
262 7 210
7 263 258
263 7 258
7 265 168
265 7 168
7 271 29
271 7 29
7 272 144
272 7 144
7 273 190
273 7 190
7 275 277
275 7 277
7 279 123
279 7 123
7 280 260
280 7 260
7 282 286
282 7 286
7 283 169
283 7 169
7 284 106
284 7 106
7 286 212
286 7 212
7 289 226
289 7 226
7 290 280
290 7 280
7 299 199
299 7 199
7 300 330
300 7 330
7 301 265
301 7 265
7 302 239
302 7 239
7 304 189
304 7 189
7 305 274
305 7 274
7 306 137
306 7 137
7 307 230
307 7 230
7 308 177
308 7 177
7 310 195
